# Synthetic cluster MASSCLEAN parameters:
# z = 0.008
# log(age) = 8.0
# Av = 1.0 / E(B-V) = 0.32
# d = 3 kpc / d_m = 12.39
# M = 500 Mo
#
#id   x         y         V      eV    BV     eBV
19    993.38    1042.68   21.82  0.26  0.98   0.30
119   1088.67   1060.97   20.92  0.36  1.23   0.28
122   877.50    955.47    21.70  0.20  1.32   0.14
128   1150.22   932.36    21.25  0.20  1.39   0.12
130   1182.14   1094.69   21.16  0.19  1.26   0.14
132   886.52    1104.71   21.13  0.34  1.68   0.20
138   1029.11   1000.47   21.19  0.21  1.41   0.24
141   980.45    1095.40   21.13  0.17  1.51   0.41
143   940.49    1009.89   21.08  0.29  1.51   0.22
144   1077.94   1108.42   20.96  0.14  1.29   0.28
146   1090.19   909.75    20.85  0.17  1.61   0.11
149   968.01    889.42    20.98  0.14  1.53   0.15
150   866.59    1064.07   20.70  0.11  1.62   0.29
151   963.89    1072.66   20.55  0.19  1.21   0.12
154   1126.07   1022.59   20.50  0.17  1.11   0.13
155   1050.05   1172.72   20.30  0.11  1.25   0.10
156   972.02    1145.89   20.29  0.15  1.34   0.09
157   1079.67   1020.00   20.39  0.11  1.16   0.10
158   1041.33   1105.19   20.50  0.12  1.19   0.13
159   962.93    928.47    20.41  0.17  1.28   0.36
160   1227.64   904.00    20.30  0.15  0.88   0.22
161   930.44    998.68    20.23  0.21  1.07   0.12
162   976.71    918.68    20.02  0.26  1.28   0.25
163   1048.98   1218.11   20.20  0.17  1.25   0.16
164   913.95    1231.40   20.25  0.09  1.25   0.09
165   1058.51   998.42    20.34  0.10  1.57   0.35
166   1103.87   1026.00   20.23  0.20  1.26   0.08
167   1078.62   1097.87   20.12  0.13  1.30   0.24
168   1032.87   982.72    20.11  0.31  1.74   0.26
169   985.99    1055.22   19.96  0.20  1.27   0.18
170   922.98    1023.22   19.90  0.15  1.41   0.11
171   1034.64   968.24    20.04  0.14  1.20   0.09
172   989.33    1099.45   19.86  0.14  1.22   0.16
173   1038.33   982.49    19.77  0.08  1.15   0.12
174   1006.82   906.84    19.61  0.20  1.10   0.11
175   1022.15   835.89    19.57  0.10  1.09   0.08
176   1134.08   1125.50   19.44  0.07  1.00   0.22
177   1038.69   1018.99   19.54  0.07  1.18   0.07
178   879.00    1022.05   19.64  0.15  1.19   0.11
179   964.20    1026.88   19.32  0.11  0.97   0.13
180   933.04    913.85    19.21  0.14  1.16   0.16
181   911.93    1115.25   19.42  0.08  1.12   0.13
182   952.57    1045.91   19.32  0.09  1.17   0.11
183   962.10    1134.45   19.35  0.09  1.34   0.11
184   1005.20   838.36    19.39  0.09  1.34   0.14
185   997.00    889.36    19.24  0.11  1.08   0.22
186   918.95    1146.56   19.07  0.14  1.16   0.14
187   912.19    950.93    19.25  0.10  1.05   0.07
188   1055.24   1083.24   19.19  0.07  1.10   0.07
189   1013.42   1197.50   18.93  0.10  1.06   0.08
190   846.10    1023.80   18.94  0.09  1.07   0.07
191   965.38    1073.58   18.74  0.06  0.89   0.05
192   1009.08   780.13    18.80  0.12  0.98   0.16
193   1001.07   1176.25   18.71  0.15  0.96   0.06
194   970.59    1049.65   18.71  0.08  0.93   0.07
195   1009.85   1035.72   18.77  0.05  0.90   0.11
196   926.73    1002.16   18.71  0.20  0.97   0.06
197   1060.36   920.06    18.91  0.11  0.91   0.13
198   1106.65   962.20    18.75  0.09  1.04   0.12
199   1022.02   939.87    18.63  0.10  1.14   0.11
1100  1034.96   970.37    18.41  0.08  0.97   0.06
1101  1082.08   982.71    18.34  0.05  0.87   0.06
1102  1014.58   1025.44   18.32  0.07  0.79   0.05
1103  1037.71   980.97    18.31  0.09  0.82   0.10
1104  1114.46   1006.84   18.08  0.08  0.85   0.06
1105  1057.39   1100.54   18.17  0.12  0.73   0.08
1106  1120.44   1086.32   17.97  0.06  0.88   0.08
1107  1020.17   980.64    18.11  0.05  0.70   0.10
1108  962.90    1086.78   18.00  0.06  0.81   0.07
1109  970.00    1020.29   17.88  0.04  0.82   0.05
1110  1060.12   999.03    17.73  0.05  0.78   0.06
1111  951.16    1008.81   17.61  0.09  0.72   0.09
1112  826.32    1024.17   17.70  0.04  0.53   0.07
1113  1054.24   978.93    17.62  0.16  0.71   0.10
1114  980.37    1083.82   17.43  0.08  0.74   0.05
1115  925.64    1045.56   17.58  0.06  0.84   0.04
1116  919.39    1033.73   17.41  0.06  0.61   0.08
1117  1020.97   971.77    17.41  0.13  0.76   0.04
1118  903.39    1000.58   17.32  0.05  0.73   0.06
1119  966.30    1002.13   17.28  0.10  0.64   0.12
1120  1068.34   952.55    17.07  0.07  0.74   0.09
1121  1053.35   1107.56   16.98  0.09  0.73   0.09
1122  1058.26   827.61    17.10  0.06  0.65   0.06
1123  938.94    1054.60   17.00  0.06  0.63   0.04
1124  982.20    1089.71   16.90  0.04  0.53   0.08
1125  1025.43   885.34    16.66  0.09  0.66   0.04
1126  940.90    965.61    16.69  0.03  0.62   0.06
1127  1013.12   1118.30   16.72  0.03  0.62   0.03
1128  1076.74   1126.78   16.63  0.03  0.69   0.05
1129  1143.82   1020.50   16.56  0.04  0.62   0.06
1130  1109.46   1048.49   16.36  0.04  0.39   0.08
1131  1007.52   1016.26   16.38  0.05  0.46   0.05
1132  1071.04   1143.74   16.27  0.05  0.53   0.05
1133  1157.20   1146.56   16.20  0.04  0.40   0.08
1134  1032.29   1148.45   16.08  0.03  0.52   0.03
1135  1026.09   985.26    16.04  0.05  0.44   0.08
1136  1046.33   954.62    16.01  0.06  0.42   0.05
1137  1139.06   1189.02   15.88  0.04  0.44   0.05
1138  962.17    864.17    15.82  0.05  0.42   0.03
1139  988.20    963.95    15.76  0.03  0.43   0.07
1140  888.46    1002.79   15.69  0.09  0.48   0.04
1141  929.49    1022.70   15.67  0.03  0.36   0.06
1142  937.64    1175.22   15.54  0.07  0.38   0.05
1143  1039.36   1075.58   15.56  0.04  0.36   0.03
1144  1084.34   1027.70   15.33  0.04  0.32   0.04
1145  1095.48   1008.18   15.37  0.03  0.37   0.04
1146  918.62    1048.54   15.27  0.04  0.31   0.03
1147  947.76    1045.49   15.19  0.04  0.30   0.04
1148  1107.30   958.57    15.15  0.03  0.30   0.03
1149  870.35    1108.54   15.06  0.04  0.27   0.03
1150  1064.52   1159.93   14.99  0.04  0.30   0.03
1151  1025.88   978.26    14.93  0.04  0.31   0.04
1152  1110.20   1138.33   14.81  0.04  0.22   0.03
1153  999.37    1169.10   14.72  0.03  0.27   0.02
1154  1018.70   925.51    14.74  0.03  0.29   0.05
1155  1066.05   1060.00   14.67  0.05  0.27   0.05
1156  1246.17   994.41    14.51  0.03  0.20   0.05
1157  928.46    1000.80   14.43  0.04  0.13   0.06
1158  866.96    986.63    14.24  0.04  0.20   0.03
1159  1178.96   918.64    14.24  0.03  0.23   0.02
1160  1022.01   917.58    14.15  0.02  0.21   0.03
1161  1005.12   890.54    13.90  0.03  0.20   0.03
1162  1164.84   1004.04   13.82  0.03  0.21   0.02
1163  1181.63   1003.79   13.68  0.03  0.19   0.04
1164  995.84    1074.24   13.56  0.02  0.16   0.07
1165  1062.86   930.62    13.20  0.06  0.20   0.04
1166  849.91    1097.75   13.25  0.03  0.16   0.05
1167  930.27    992.56    12.86  0.07  0.18   0.04
1168  1028.71   1029.61   12.50  0.04  0.16   0.03
1169  1024.59   957.28    12.09  0.02  0.14   0.02
1170  1184.10   1041.68   10.34  0.02  1.51   0.02
20    834.21    1785.29   9.30   0.04  1.15   0.02
21    1897.72   1203.84   10.50  0.03  1.47   0.02
22    1904.85   57.50     9.00   0.03  0.30   0.02
23    35.44     1747.34   9.33   0.03  0.24   0.02
24    286.17    1902.95   11.41  0.02  1.57   0.02
25    1851.71   1588.45   12.39  0.03  2.10   0.03
26    1190.64   43.27     9.46   0.02  0.11   0.05
27    1962.63   1058.40   10.46  0.02  0.86   0.02
28    982.48    1513.32   10.97  0.03  1.07   0.04
29    582.42    253.62    10.06  0.02  0.42   0.02
210   566.83    1312.50   9.58   0.03  -0.04  0.03
211   1039.33   675.02    10.09  0.05  0.16   0.02
212   1672.41   410.39    13.49  0.04  2.00   0.03
213   1689.46   1239.38   10.42  0.04  0.11   0.03
214   815.79    246.17    10.37  0.03  -0.11  0.03
215   961.60    94.30     10.98  0.03  0.29   0.02
216   1728.85   1112.62   10.26  0.03  -0.22  0.03
217   1650.79   1227.15   11.01  0.02  0.13   0.04
218   111.80    2020.08   13.17  0.04  0.98   0.02
219   31.51     674.96    15.07  0.05  2.05   0.06
220   1915.61   1125.65   14.15  0.04  1.65   0.04
221   583.40    1565.83   13.95  0.03  1.58   0.05
222   213.79    76.76     11.91  0.03  0.29   0.03
223   280.73    1995.99   15.03  0.03  1.90   0.04
224   270.17    1014.39   12.32  0.04  0.27   0.04
225   1417.71   471.98    13.38  0.04  1.04   0.03
226   543.93    2016.43   11.66  0.02  0.16   0.02
227   899.15    470.57    14.03  0.06  1.42   0.04
228   1404.65   1610.28   13.29  0.05  0.88   0.03
229   128.57    1314.55   13.85  0.03  0.88   0.03
230   1615.51   736.97    14.78  0.03  1.29   0.05
231   1509.71   899.64    12.29  0.02  -0.02  0.02
232   1940.56   293.40    13.05  0.03  0.64   0.03
233   291.52    1759.40   11.41  0.02  -0.44  0.02
234   348.38    1570.01   13.31  0.02  0.71   0.04
235   745.10    1154.60   11.98  0.02  -0.23  0.03
236   1026.19   95.31     13.93  0.03  0.96   0.03
237   1580.14   1888.39   15.47  0.03  1.80   0.04
238   1394.75   198.76    12.81  0.02  0.15   0.02
239   1018.64   836.56    13.54  0.02  0.52   0.05
240   1937.92   1180.47   14.26  0.02  0.93   0.05
241   996.19    906.32    13.32  0.05  0.30   0.04
242   1141.68   743.95    12.86  0.03  0.11   0.03
243   1240.40   836.66    12.88  0.02  0.18   0.06
244   1596.71   1449.47   12.67  0.05  0.07   0.02
245   16.46     756.82    13.29  0.03  0.87   0.04
246   143.91    1149.71   13.03  0.03  0.21   0.02
247   1012.62   1227.56   12.86  0.02  0.10   0.03
248   892.00    341.52    14.02  0.03  0.85   0.03
249   662.36    761.34    15.64  0.05  1.75   0.05
250   1680.49   1119.81   15.60  0.06  1.47   0.03
251   963.80    1088.69   13.59  0.05  0.56   0.05
252   951.81    404.54    17.08  0.06  2.22   0.05
253   1735.29   804.64    14.48  0.03  0.48   0.03
254   1956.96   914.85    13.45  0.03  0.26   0.02
255   1918.79   348.02    14.06  0.04  0.35   0.02
256   1883.05   1819.61   16.57  0.03  2.06   0.07
257   31.80     893.96    12.69  0.02  -0.30  0.03
258   287.81    376.60    17.85  0.04  2.52   0.09
259   818.10    382.13    13.91  0.07  0.40   0.07
260   149.51    1955.99   13.40  0.03  0.19   0.02
261   300.90    460.00    14.94  0.03  0.79   0.03
262   1212.57   1857.40   18.99  0.12  3.29   0.07
263   1994.89   1545.03   13.68  0.03  0.31   0.03
264   656.55    312.60    14.93  0.02  0.82   0.03
265   1319.20   1668.38   15.49  0.03  1.22   0.03
266   1730.93   1452.31   14.91  0.02  1.04   0.07
267   81.19     936.21    13.75  0.02  0.28   0.05
268   7.62      468.30    13.24  0.04  -0.16  0.04
269   15.80     1761.52   12.94  0.02  -0.23  0.04
270   1873.80   244.21    16.63  0.06  1.86   0.06
271   1978.08   765.98    14.02  0.06  0.40   0.03
272   376.81    1003.27   14.22  0.02  0.22   0.04
273   592.16    1954.09   17.51  0.09  2.17   0.10
274   767.38    927.94    13.31  0.03  -0.21  0.02
275   731.81    515.97    18.33  0.05  2.52   0.08
276   321.57    587.35    15.85  0.04  1.00   0.03
277   265.60    433.16    14.20  0.03  0.33   0.06
278   470.59    337.17    13.39  0.03  -0.16  0.03
279   1190.64   405.60    13.67  0.03  -0.03  0.03
280   564.09    1848.92   14.37  0.04  0.23   0.04
281   671.67    632.16    20.35  0.12  3.90   0.19
282   310.92    1585.47   13.22  0.03  -0.22  0.03
283   1116.04   1726.60   17.51  0.04  1.91   0.07
284   2010.51   576.42    17.66  0.11  2.02   0.04
285   1330.51   1336.86   13.53  0.05  -0.18  0.02
286   178.57    146.21    19.22  0.11  3.03   0.12
287   1766.69   486.76    14.33  0.07  0.54   0.03
288   196.39    185.33    14.69  0.04  0.86   0.03
289   541.12    1512.63   16.06  0.06  1.02   0.07
290   756.04    319.67    14.24  0.02  0.33   0.04
291   1860.27   827.20    14.14  0.04  0.07   0.05
292   212.28    1544.18   14.12  0.04  0.55   0.04
293   1817.55   481.44    15.55  0.03  1.01   0.04
294   23.54     678.77    14.76  0.02  0.34   0.03
295   1522.72   1899.11   14.20  0.05  0.40   0.04
296   968.33    793.85    18.80  0.10  2.89   0.08
297   1790.36   332.93    14.47  0.03  1.17   0.04
298   955.96    1092.54   15.00  0.03  0.78   0.07
299   1663.28   2004.32   14.58  0.03  0.88   0.04
2100  1575.59   511.41    19.65  0.07  3.18   0.14
2101  1546.38   98.06     19.64  0.13  2.88   0.14
2102  735.91    410.30    15.33  0.08  0.50   0.03
2103  354.78    760.77    15.28  0.05  0.42   0.03
2104  610.07    246.51    14.78  0.04  0.38   0.05
2105  281.46    1054.12   15.85  0.03  0.70   0.04
2106  784.27    728.28    17.64  0.15  1.89   0.07
2107  365.68    1833.48   14.88  0.04  0.82   0.04
2109  892.79    842.61    13.46  0.04  -0.34  0.03
2110  80.55     1423.81   14.73  0.05  0.23   0.06
2111  1994.96   739.05    16.01  0.05  0.87   0.04
2112  529.30    944.98    14.70  0.03  0.28   0.07
2113  492.81    1216.68   15.31  0.03  0.70   0.05
2114  1648.70   424.32    18.26  0.11  2.16   0.05
2115  1961.54   153.30    14.54  0.05  0.21   0.03
2116  399.30    1113.20   15.19  0.06  0.48   0.04
2117  2025.52   423.07    18.01  0.08  2.11   0.11
2118  1496.76   163.23    14.87  0.03  0.47   0.03
2119  1393.73   601.70    14.53  0.02  0.11   0.04
2120  1918.02   1827.27   19.78  0.17  2.80   0.15
2121  867.10    1014.46   14.35  0.05  -0.10  0.06
2122  1500.89   1414.24   14.87  0.04  0.84   0.07
2123  1272.84   1204.59   16.98  0.06  1.36   0.06
2124  395.72    1254.95   17.69  0.05  1.75   0.05
2125  1631.43   522.49    13.79  0.03  -0.31  0.02
2126  1837.88   587.75    16.61  0.07  1.23   0.03
2127  1115.06   1544.45   17.55  0.04  1.63   0.05
2128  1589.53   996.83    17.33  0.12  1.81   0.04
2129  1625.46   825.38    14.68  0.06  0.06   0.04
2130  327.22    389.66    14.91  0.05  0.43   0.03
2131  2007.40   121.53    15.09  0.03  0.93   0.03
2132  1692.97   516.17    15.24  0.05  0.45   0.05
2133  791.39    19.12     16.31  0.04  0.97   0.05
2134  1599.85   1744.11   17.72  0.06  1.74   0.06
2135  1281.25   178.91    18.38  0.06  2.57   0.11
2136  1546.26   24.74     15.96  0.03  0.99   0.04
2137  1289.61   686.63    20.00  0.13  3.04   0.12
2138  422.76    1983.54   15.90  0.06  0.60   0.03
2139  700.73    156.64    15.58  0.03  0.32   0.03
2140  1779.98   716.17    15.69  0.03  0.51   0.04
2141  562.46    1157.72   17.30  0.04  1.46   0.08
2142  869.18    661.08    15.54  0.03  0.66   0.06
2143  1789.50   756.32    19.54  0.11  2.58   0.11
2144  1745.52   59.27     13.93  0.05  -0.52  0.03
2145  907.20    894.85    16.76  0.04  0.82   0.04
2146  132.18    412.07    16.12  0.08  0.59   0.05
2147  428.61    925.29    19.39  0.11  2.68   0.10
2148  1834.90   667.60    20.55  0.12  3.28   0.11
2149  457.90    1505.14   14.40  0.02  -0.26  0.03
2150  66.55     1419.50   14.79  0.03  0.02   0.03
2151  862.22    1613.89   15.84  0.07  0.37   0.03
2152  818.70    761.15    15.32  0.04  0.20   0.05
2153  517.02    615.98    15.15  0.06  0.17   0.06
2154  1282.10   1638.53   14.75  0.03  -0.14  0.05
2155  1945.09   2030.43   18.44  0.08  1.77   0.07
2156  603.97    84.99     16.23  0.07  0.55   0.04
2157  1029.03   1843.43   15.35  0.03  0.35   0.03
2158  270.43    577.67    16.02  0.04  0.68   0.04
2159  1696.23   664.85    15.41  0.07  0.51   0.03
2160  1130.74   577.03    16.13  0.04  0.80   0.03
2161  1807.99   1190.73   17.09  0.04  1.10   0.04
2162  292.33    1624.56   16.02  0.04  0.38   0.08
2163  1971.93   1754.19   18.01  0.05  1.62   0.07
2164  1506.39   1767.58   15.69  0.05  0.60   0.06
2165  928.23    67.54     15.65  0.04  0.43   0.03
2166  938.11    885.09    15.44  0.06  0.47   0.06
2167  1929.29   1133.23   16.09  0.04  0.76   0.06
2168  239.26    764.77    19.74  0.09  2.92   0.16
2170  1016.79   869.95    15.84  0.04  0.64   0.05
2171  1446.42   634.74    18.50  0.10  2.04   0.12
2172  1441.50   588.12    15.94  0.03  0.61   0.03
2173  53.35     1096.25   16.06  0.05  0.58   0.05
2174  890.40    1407.78   15.62  0.03  0.41   0.04
2175  659.45    445.00    18.25  0.06  1.79   0.10
2176  935.09    1732.56   16.53  0.05  0.79   0.04
2177  1805.22   458.91    19.08  0.06  2.33   0.06
2178  833.99    1544.19   19.03  0.07  2.43   0.07
2179  1432.40   3.93      15.22  0.04  0.17   0.03
2180  430.73    1020.58   15.65  0.04  0.47   0.08
2181  490.92    1791.53   17.72  0.06  1.42   0.05
2182  685.69    1134.14   16.93  0.04  1.14   0.03
2183  421.54    9.48      15.97  0.04  0.96   0.07
2184  1176.63   934.81    19.15  0.09  2.27   0.14
2185  1529.83   1367.26   15.82  0.05  0.48   0.05
2186  943.88    49.15     18.74  0.05  2.28   0.06
2187  512.37    1310.43   19.49  0.07  2.51   0.09
2188  145.67    87.00     15.66  0.07  0.47   0.03
2189  758.29    948.94    18.13  0.07  2.09   0.09
2190  1212.18   1646.84   15.38  0.04  0.29   0.02
2191  1713.92   321.18    15.79  0.06  0.55   0.03
2192  1130.27   252.16    17.65  0.05  1.74   0.07
2193  815.84    1887.77   14.41  0.02  -0.23  0.04
2194  597.53    602.36    18.83  0.09  1.93   0.06
2195  152.46    1121.36   15.73  0.03  -0.11  0.06
2196  1462.41   1629.16   18.57  0.09  1.88   0.06
2198  1737.83   77.40     16.45  0.05  0.48   0.06
2199  375.61    37.56     20.98  0.11  2.72   0.36
2200  1130.71   366.24    18.28  0.06  1.48   0.12
2201  676.40    150.28    16.28  0.03  1.04   0.04
2202  1581.47   1935.04   16.29  0.12  0.49   0.07
2204  435.21    1212.38   20.18  0.12  2.55   0.12
2205  905.74    1504.14   19.68  0.10  2.24   0.07
2206  1349.54   29.01     21.20  0.16  3.27   0.18
2207  449.34    923.26    19.38  0.12  2.34   0.11
2209  1670.24   504.17    17.32  0.04  0.90   0.06
2210  1939.41   1160.40   18.92  0.10  2.23   0.07
2211  1422.77   1553.26   15.95  0.05  0.36   0.06
2212  476.56    309.45    16.54  0.04  0.53   0.05
2213  816.87    13.34     17.92  0.09  1.18   0.04
2214  1571.26   640.53    16.38  0.07  0.58   0.04
2215  1465.89   1089.35   19.87  0.17  2.42   0.16
2216  239.28    689.73    16.19  0.07  1.14   0.04
2217  475.54    1949.70   17.92  0.17  1.27   0.06
2218  1330.83   4.63      18.32  0.08  1.52   0.06
2219  889.98    1282.16   18.67  0.11  1.84   0.08
2220  740.91    1832.04   14.75  0.04  -0.54  0.05
2221  1282.62   80.73     16.25  0.08  1.16   0.05
2222  1551.14   898.00    17.03  0.10  0.81   0.04
2223  292.69    1613.76   17.17  0.07  0.78   0.04
2225  1248.71   288.05    19.03  0.14  2.27   0.19
2226  1377.06   908.80    19.52  0.12  2.34   0.12
2227  1476.92   1223.52   16.49  0.07  1.43   0.04
2228  1659.42   1769.12   17.75  0.05  0.82   0.09
2229  909.92    197.52    16.61  0.05  1.61   0.04
2230  380.42    2005.06   16.32  0.07  0.72   0.06
2231  636.15    861.76    17.03  0.07  0.70   0.06
2232  762.83    1951.52   18.51  0.05  1.77   0.09
2233  1630.49   1791.38   16.61  0.04  0.61   0.04
2234  1582.93   1979.39   19.53  0.07  2.33   0.08
2235  541.91    615.93    14.81  0.03  -0.43  0.03
2236  589.70    1183.03   16.59  0.06  0.84   0.05
2237  555.78    259.57    20.79  0.10  3.03   0.18
2238  1542.97   972.26    17.74  0.11  1.19   0.08
2239  1536.69   26.10     16.72  0.03  1.04   0.04
2240  1653.33   1738.58   17.70  0.12  1.31   0.05
2241  1061.76   986.82    16.56  0.05  1.27   0.05
2242  887.10    1941.56   16.79  0.06  0.72   0.03
2243  1882.70   1364.44   16.09  0.04  0.39   0.04
2244  348.19    1845.27   16.36  0.04  0.50   0.06
2245  1686.78   1405.91   16.85  0.04  0.78   0.05
2246  1127.91   1096.76   15.93  0.10  0.46   0.04
2247  1307.12   1805.09   15.64  0.05  0.14   0.07
2248  1033.42   2009.04   16.46  0.08  0.66   0.04
2249  1201.53   29.17     18.74  0.13  1.87   0.07
2250  419.25    387.22    20.87  0.13  2.86   0.17
2251  132.65    1489.20   19.31  0.06  2.34   0.09
2252  1790.01   1958.83   16.03  0.04  0.52   0.04
2253  826.15    1921.62   17.11  0.04  0.96   0.05
2254  646.22    168.91    17.52  0.08  1.08   0.06
2255  600.91    1050.42   15.40  0.10  -0.10  0.04
2256  1528.17   1732.22   20.27  0.29  2.56   0.14
2257  639.67    1423.99   16.20  0.03  0.70   0.04
2258  1412.23   1537.35   17.53  0.04  1.26   0.10
2259  1904.14   1988.73   19.02  0.12  2.06   0.09
2260  150.35    1096.53   16.06  0.03  1.03   0.05
2261  1355.12   74.18     18.58  0.10  1.54   0.07
2263  1184.58   1226.42   17.04  0.04  0.86   0.05
2264  430.29    318.28    16.41  0.03  0.51   0.08
2265  32.38     773.13    17.33  0.08  1.11   0.11
2266  639.08    1030.54   15.61  0.04  0.22   0.04
2267  925.82    1473.62   16.25  0.06  0.41   0.05
2268  1953.44   204.28    19.61  0.12  2.33   0.11
2270  610.75    833.71    18.88  0.18  1.66   0.08
2271  311.71    1553.80   18.70  0.19  1.62   0.12
2272  1943.72   1876.49   19.24  0.11  1.63   0.14
2273  1455.12   1118.33   17.95  0.09  0.94   0.04
2274  1552.04   733.80    18.34  0.08  1.09   0.05
2275  1111.88   1725.48   16.92  0.06  0.45   0.06
2276  1039.58   696.98    16.93  0.04  0.61   0.05
2277  1762.16   913.15    17.19  0.04  0.42   0.06
2278  527.57    771.22    19.53  0.09  1.89   0.15
2279  1824.94   322.49    17.16  0.08  1.97   0.08
2280  865.96    100.99    18.04  0.07  1.27   0.06
2281  710.15    1250.13   19.47  0.13  2.20   0.13
2282  1294.28   199.11    16.46  0.04  0.33   0.05
2283  72.33     116.01    19.41  0.16  1.77   0.12
2284  837.29    73.87     18.60  0.13  1.51   0.09
2285  1991.38   637.01    16.97  0.09  0.65   0.03
2286  424.31    1054.72   20.24  0.14  2.43   0.23
2287  526.75    1188.85   19.85  0.24  2.35   0.25
2288  1918.39   1684.92   17.07  0.07  0.69   0.07
2289  288.05    1846.52   16.25  0.03  0.18   0.04
2290  832.23    1543.69   17.42  0.04  1.64   0.06
2291  1454.64   786.23    17.00  0.12  1.25   0.07
2292  431.18    1238.78   16.88  0.05  0.37   0.04
2293  547.69    329.62    18.06  0.13  1.16   0.06
2294  363.19    942.40    17.66  0.08  0.79   0.07
2295  1326.50   85.44     17.35  0.06  1.06   0.09
2296  1561.37   1616.31   17.11  0.06  1.01   0.07
2297  1806.95   692.49    17.39  0.09  0.80   0.08
2298  1428.71   1033.84   16.97  0.06  1.03   0.06
2299  1343.93   1661.85   18.41  0.06  1.41   0.09
2300  1084.46   673.02    20.47  0.10  2.70   0.14
2301  3.38      1207.18   16.79  0.04  0.51   0.04
2302  1613.43   1106.68   16.78  0.07  0.76   0.06
2303  1447.94   646.10    15.65  0.03  -0.11  0.06
2304  1016.06   638.05    16.45  0.05  0.30   0.07
2305  392.09    1930.88   20.75  0.12  2.98   0.17
2306  700.08    1522.62   15.41  0.03  -0.24  0.06
2307  1785.50   553.19    16.98  0.05  0.80   0.04
2308  1432.57   782.97    16.90  0.04  1.77   0.08
2309  107.44    1058.27   19.24  0.09  1.87   0.08
2310  701.57    24.06     17.22  0.07  1.20   0.07
2311  850.98    222.84    17.44  0.13  1.01   0.11
2312  2034.73   779.56    17.67  0.08  0.73   0.04
2314  1511.74   439.56    16.84  0.05  0.52   0.04
2315  1875.55   1766.31   17.62  0.05  0.75   0.04
2316  1664.35   621.58    18.71  0.09  1.59   0.08
2317  811.09    1463.65   17.10  0.04  0.55   0.06
2318  652.39    1586.13   18.29  0.10  1.46   0.06
2319  231.16    1968.28   17.08  0.06  1.42   0.07
2320  2028.85   416.52    20.71  0.21  2.41   0.14
2321  645.63    107.14    18.34  0.10  1.33   0.11
2322  1945.24   82.75     17.01  0.11  0.67   0.08
2323  302.69    2045.55   18.20  0.05  1.33   0.09
2324  1072.71   729.56    19.28  0.16  1.73   0.11
2325  1537.14   762.75    16.75  0.06  0.37   0.04
2326  1627.64   2014.59   16.77  0.04  0.57   0.05
2327  522.95    377.61    17.79  0.08  1.13   0.10
2328  1163.68   1056.35   19.59  0.07  1.98   0.19
2329  1603.78   160.59    16.79  0.06  0.58   0.06
2331  1130.91   1330.42   17.95  0.06  1.25   0.04
2332  320.51    1957.01   17.07  0.08  0.57   0.05
2333  401.45    2003.82   16.97  0.07  0.56   0.09
2334  800.63    494.24    17.35  0.07  0.57   0.06
2335  684.80    41.24     16.81  0.10  0.64   0.07
2336  1708.91   1495.76   16.03  0.04  -0.11  0.05
2337  281.41    884.54    17.05  0.04  0.66   0.06
2338  524.55    227.60    17.32  0.10  0.62   0.05
2339  1216.37   1377.75   16.70  0.04  0.45   0.06
2341  250.28    1064.82   16.72  0.04  0.48   0.05
2342  1444.33   396.10    14.99  0.05  -0.56  0.04
2344  1499.08   598.05    16.66  0.04  0.39   0.05
2345  1304.30   74.38     16.58  0.05  0.29   0.04
2346  1092.06   1319.82   18.38  0.09  1.13   0.06
2347  201.50    1716.12   20.38  0.18  2.23   0.14
2348  1252.79   1886.28   20.64  0.18  2.61   0.21
2349  470.69    1371.91   16.77  0.03  0.46   0.04
2350  427.18    1010.05   18.77  0.10  1.22   0.10
2351  418.81    584.52    19.80  0.18  2.13   0.11
2353  814.61    384.45    19.50  0.12  1.87   0.09
2354  1073.69   457.32    18.69  0.15  1.32   0.06
2355  1564.46   1619.58   16.11  0.04  0.14   0.09
2356  967.80    1493.05   19.73  0.18  1.97   0.09
2358  422.40    228.89    18.70  0.14  1.48   0.06
2359  1432.77   427.07    16.93  0.10  0.50   0.04
2360  518.75    1689.90   20.15  0.14  1.89   0.15
2361  1022.11   0.33      16.91  0.06  0.49   0.06
2362  969.05    939.07    17.52  0.11  0.92   0.05
2363  861.97    540.86    20.19  0.11  2.14   0.11
2364  68.27     1471.33   18.28  0.05  1.43   0.06
2365  707.08    251.95    17.59  0.05  0.63   0.07
2366  1380.81   1944.66   14.95  0.03  -0.53  0.03
2367  1872.54   134.76    16.54  0.04  0.47   0.08
2368  260.35    1582.12   16.77  0.04  0.45   0.07
2369  529.80    398.64    18.18  0.11  1.21   0.08
2370  1054.58   679.23    19.64  0.07  2.00   0.13
2371  248.99    1436.43   20.68  0.19  2.71   0.18
2372  188.85    526.84    18.25  0.10  1.19   0.05
2373  1252.18   759.24    16.11  0.08  0.19   0.03
2374  1974.21   458.69    17.22  0.04  0.60   0.06
2375  102.07    571.47    16.60  0.07  0.12   0.03
2376  347.91    863.78    19.99  0.07  2.10   0.09
2377  1874.98   32.68     19.30  0.08  1.35   0.07
2378  574.70    1471.95   17.89  0.06  2.00   0.08
2379  631.87    1176.15   17.37  0.09  0.36   0.08
2380  590.08    1963.15   15.07  0.03  -0.83  0.05
2381  1049.77   1802.45   17.74  0.04  0.72   0.06
2382  205.66    2003.64   18.70  0.08  1.05   0.08
2383  946.04    1045.75   17.67  0.06  1.38   0.06
2384  1525.26   133.79    18.03  0.07  1.24   0.05
2385  1775.62   546.95    17.39  0.05  0.27   0.09
2386  2009.74   2028.41   16.92  0.05  0.24   0.06
2387  274.93    1885.79   18.78  0.14  1.33   0.09
2388  1575.28   1731.04   16.84  0.04  -0.04  0.05
2389  42.13     11.52     17.77  0.04  0.62   0.06
2390  1124.45   1607.26   17.80  0.05  0.58   0.06
2392  1826.73   305.62    17.89  0.09  0.55   0.09
2393  1219.67   1567.19   17.50  0.07  1.09   0.05
2394  1441.97   72.69     18.01  0.06  1.39   0.06
2395  1002.85   953.72    19.28  0.21  1.27   0.12
2396  112.53    174.71    16.80  0.06  -0.03  0.05
2397  142.97    1784.42   17.69  0.05  0.62   0.05
2398  1918.03   1067.69   16.62  0.03  0.19   0.06
2399  739.80    1593.03   19.93  0.08  2.01   0.15
2400  1376.78   1459.14   18.13  0.10  0.95   0.06
2401  93.51     943.83    20.10  0.11  1.77   0.16
2402  568.02    697.49    18.65  0.12  1.28   0.10
2403  979.84    852.21    17.15  0.06  0.54   0.06
2404  338.23    1578.93   19.58  0.10  1.62   0.13
2405  77.30     1521.52   18.07  0.09  0.69   0.06
2406  204.77    1467.15   17.93  0.06  0.68   0.05
2407  1535.38   1543.63   18.58  0.11  1.10   0.13
2408  1764.77   1247.71   17.98  0.12  1.71   0.13
2409  256.43    1708.84   18.15  0.05  1.06   0.05
2410  1976.08   1530.58   19.78  0.07  1.73   0.19
2411  1970.08   399.15    17.99  0.09  0.85   0.07
2412  1148.91   165.42    19.05  0.10  1.39   0.09
2413  600.75    8.80      17.56  0.08  0.62   0.07
2414  182.03    1880.77   17.84  0.06  1.21   0.06
2415  630.50    1699.92   17.83  0.08  0.62   0.06
2416  798.80    1042.43   20.49  0.09  2.26   0.21
2417  1946.88   603.50    17.68  0.06  0.49   0.07
2418  300.19    1974.45   17.61  0.05  0.58   0.09
2419  888.61    1647.07   17.52  0.09  0.67   0.11
2420  191.21    662.80    17.36  0.05  0.29   0.13
2421  448.85    1395.17   17.37  0.06  0.92   0.11
2422  1377.11   1740.15   19.41  0.18  1.24   0.13
2423  1221.91   514.61    21.36  0.19  2.64   0.11
2424  455.14    410.70    17.48  0.08  0.57   0.08
2425  2006.11   492.49    18.49  0.10  1.06   0.14
2426  80.52     1492.83   18.94  0.11  1.32   0.15
2427  302.67    1701.69   18.31  0.08  1.01   0.07
2429  1459.98   1035.70   17.99  0.10  0.65   0.05
2430  1378.01   1083.53   17.58  0.07  0.70   0.05
2431  1158.06   1349.08   19.88  0.30  1.82   0.10
2432  1800.60   582.83    18.94  0.11  1.25   0.09
2433  33.41     1842.34   18.77  0.09  1.42   0.09
2434  1815.39   263.35    18.35  0.15  0.89   0.09
2436  555.34    1017.67   17.52  0.05  0.60   0.05
2437  737.56    1157.36   17.78  0.05  0.82   0.12
2438  841.34    11.97     18.83  0.12  1.14   0.13
2439  655.88    285.97    17.32  0.06  0.44   0.09
2440  1318.21   1884.20   18.65  0.06  0.88   0.07
2441  1461.47   167.42    17.15  0.10  0.05   0.05
2442  1430.69   1166.50   18.12  0.07  0.76   0.10
2443  258.17    332.77    17.54  0.06  0.73   0.08
2444  1772.71   1802.09   17.67  0.07  0.60   0.06
2445  222.22    1752.94   17.70  0.20  1.11   0.07
2446  1635.34   124.43    19.70  0.09  1.90   0.12
2447  2009.96   854.76    18.52  0.05  1.10   0.12
2448  1763.14   702.07    18.16  0.10  0.82   0.10
2449  1868.52   1578.23   19.45  0.08  1.64   0.14
2451  170.96    1639.61   16.29  0.05  -0.15  0.03
2452  1570.05   1365.01   19.89  0.09  2.10   0.11
2453  161.85    1268.33   18.77  0.05  1.11   0.11
2454  656.23    117.69    16.76  0.04  0.01   0.05
2455  831.06    1310.54   18.15  0.07  1.64   0.10
2456  981.16    1725.41   17.24  0.09  0.33   0.05
2457  757.18    1358.33   17.75  0.06  0.86   0.05
2458  653.05    160.67    18.61  0.10  1.03   0.06
2459  197.98    315.26    19.24  0.14  1.29   0.14
2460  960.45    1246.24   20.51  0.15  2.07   0.13
2461  342.54    800.65    17.60  0.06  0.60   0.05
2462  1452.71   1860.13   17.66  0.12  1.40   0.05
2463  1663.38   1584.69   20.13  0.11  2.32   0.10
2464  1943.30   1014.68   20.11  0.19  1.99   0.12
2465  563.01    1493.73   18.15  0.06  0.81   0.07
2466  1596.34   191.12    17.11  0.06  0.37   0.05
2467  401.13    1136.69   15.71  0.09  -0.58  0.07
2468  1400.34   1959.34   17.04  0.05  0.27   0.04
2469  961.16    1578.68   18.73  0.08  1.52   0.08
2470  1421.18   1125.43   18.11  0.08  0.99   0.10
2471  696.24    314.30    18.44  0.05  1.83   0.05
2472  212.31    785.00    17.56  0.05  1.21   0.06
2473  1754.25   1381.35   17.62  0.05  0.65   0.04
2474  900.10    1772.71   17.75  0.10  0.53   0.05
2475  2030.53   482.92    18.05  0.08  0.80   0.08
2476  745.34    18.02     17.49  0.08  0.63   0.07
2477  1328.93   1055.96   19.37  0.07  1.51   0.10
2478  854.92    1583.38   19.03  0.06  1.28   0.12
2479  109.52    866.12    18.02  0.09  0.92   0.06
2480  1924.82   804.94    16.55  0.09  0.03   0.03
2481  61.53     1455.51   17.19  0.08  0.17   0.06
2482  819.76    1018.72   17.86  0.05  0.76   0.09
2483  1618.94   1898.41   16.16  0.03  -0.18  0.07
2484  1395.03   341.26    15.93  0.04  -0.52  0.05
2485  1544.62   932.24    20.52  0.14  2.34   0.17
2486  269.16    774.71    17.30  0.05  0.34   0.08
2487  1706.16   612.44    19.70  0.07  1.64   0.28
2488  532.74    2035.74   16.43  0.04  0.01   0.05
2490  1778.31   1083.33   18.25  0.06  0.96   0.07
2491  648.79    1453.76   17.55  0.15  0.55   0.06
2492  830.37    1207.61   18.87  0.10  1.46   0.19
2494  582.64    2012.78   17.47  0.08  0.64   0.05
2495  2020.05   751.20    18.49  0.12  1.86   0.10
2496  1229.90   630.84    18.00  0.07  0.76   0.07
2497  212.09    791.82    18.83  0.08  1.49   0.13
2498  1745.27   1031.58   19.49  0.09  1.52   0.12
2499  412.98    1225.90   17.91  0.04  0.62   0.11
2500  885.32    1355.69   19.41  0.12  1.45   0.19
2501  241.86    1375.71   17.47  0.05  0.62   0.04
2502  481.80    649.49    15.67  0.07  -0.45  0.07
2503  997.47    1656.30   20.07  0.11  1.91   0.15
2504  629.10    571.64    17.29  0.08  0.53   0.05
2506  37.52     2001.91   18.57  0.17  1.13   0.08
2507  494.76    444.02    16.01  0.06  -0.19  0.04
2508  230.18    265.90    20.00  0.12  1.81   0.15
2509  481.93    197.86    19.72  0.09  1.67   0.09
2510  1762.48   1304.15   18.31  0.10  0.90   0.08
2511  324.35    470.90    19.14  0.06  1.44   0.17
2512  1975.36   807.00    20.64  0.17  2.42   0.21
2513  1846.54   1599.15   19.47  0.13  1.55   0.07
2514  594.77    929.17    17.66  0.06  0.69   0.11
2515  2022.64   1759.16   19.71  0.15  1.78   0.15
2516  556.42    973.46    17.33  0.07  0.63   0.05
2517  336.13    217.10    19.15  0.13  1.45   0.07
2518  51.19     2028.74   17.65  0.05  1.25   0.06
2519  1762.14   1071.54   17.94  0.12  0.64   0.05
2520  1348.55   1620.17   20.25  0.09  1.85   0.19
2521  602.10    622.79    17.89  0.10  0.70   0.09
2522  357.74    538.99    18.63  0.05  1.20   0.09
2523  279.57    666.39    19.67  0.12  1.61   0.09
2524  1740.36   1832.70   17.78  0.08  0.61   0.06
2525  864.56    555.31    18.14  0.08  0.87   0.08
2526  1069.55   689.55    15.84  0.05  -0.28  0.04
2527  491.46    1114.16   17.75  0.06  0.59   0.04
2528  385.01    1733.16   18.81  0.12  1.07   0.19
2529  1727.50   1146.24   18.56  0.07  1.14   0.10
2530  1602.32   860.76    20.21  0.17  1.30   0.17
2531  285.89    1764.03   19.33  0.07  1.15   0.14
2532  93.57     726.29    20.48  0.22  2.03   0.13
2533  570.89    409.05    20.31  0.09  1.81   0.12
2534  368.28    1429.75   18.57  0.11  0.87   0.06
2535  1854.77   1938.84   18.46  0.05  0.89   0.07
2536  1706.12   1694.63   18.54  0.05  2.17   0.08
2537  1347.49   167.14    20.37  0.15  1.94   0.14
2540  700.20    534.67    18.10  0.09  0.55   0.05
2541  1903.08   144.45    18.45  0.09  0.59   0.07
2542  325.66    628.48    18.31  0.11  0.61   0.07
2543  155.89    1278.67   19.51  0.10  1.01   0.14
2544  1805.61   1779.86   18.47  0.12  0.65   0.07
2545  492.07    1964.79   18.54  0.06  0.62   0.08
2546  1230.51   654.38    17.46  0.08  0.16   0.07
2547  588.17    667.02    18.37  0.11  1.26   0.09
2548  868.42    798.18    18.40  0.08  0.71   0.05
2549  1405.96   240.67    20.19  0.09  1.96   0.12
2550  1627.12   301.21    18.74  0.08  0.68   0.07
2551  303.15    1613.39   19.50  0.09  1.41   0.12
2552  1642.00   1619.90   19.40  0.10  1.44   0.13
2553  51.74     1177.22   18.41  0.07  0.75   0.05
2554  647.33    158.53    18.77  0.10  0.75   0.06
2555  1328.08   230.27    19.41  0.08  1.30   0.09
2556  721.91    1410.77   19.97  0.22  1.42   0.13
2557  1765.49   1974.43   16.41  0.09  -0.63  0.06
2558  331.37    1706.44   20.36  0.16  1.48   0.09
2559  367.88    282.47    21.31  0.15  1.68   0.23
2560  1185.45   1602.62   21.53  0.18  1.99   0.25
2561  1107.49   556.05    18.60  0.08  0.66   0.11
2562  1787.37   1790.28   20.73  0.16  1.63   0.12
2563  874.01    1813.32   18.72  0.10  0.93   0.14
2564  734.52    652.15    19.71  0.11  1.37   0.08
2565  888.54    1655.62   18.75  0.11  0.84   0.16
2566  2031.15   1096.38   20.24  0.10  1.11   0.28
2567  257.55    1571.49   16.88  0.04  -0.12  0.07
2568  652.92    1142.26   18.44  0.05  0.91   0.09
2569  1331.89   988.11    17.69  0.05  0.27   0.04
2570  378.22    1943.11   19.43  0.19  0.98   0.09
2571  1550.84   1797.00   20.87  0.19  2.30   0.14
2572  897.80    1568.02   18.27  0.07  0.71   0.07
2573  556.91    1893.39   18.34  0.06  0.90   0.07
2574  491.14    358.56    18.30  0.06  1.02   0.15
2575  1560.76   1137.65   18.28  0.06  0.74   0.11
2576  967.79    148.38    18.48  0.06  0.61   0.05
2577  1173.05   884.68    18.53  0.10  0.62   0.07
2578  1780.20   1847.99   19.78  0.13  1.34   0.14
2579  1713.28   1465.75   18.48  0.10  0.72   0.07
2580  959.47    1246.42   18.96  0.13  0.92   0.09
2581  930.46    993.78    18.23  0.11  1.80   0.06
2582  870.79    1319.32   18.82  0.20  1.47   0.07
2583  1980.42   422.02    18.01  0.06  0.53   0.07
2584  157.26    1533.50   19.40  0.14  1.34   0.14
2585  808.75    1480.05   18.16  0.06  0.53   0.10
2587  426.94    1366.19   19.18  0.07  1.21   0.10
2588  1999.21   1821.05   17.27  0.08  0.04   0.04
2589  389.13    646.97    19.94  0.12  1.75   0.14
2591  1844.07   1950.09   19.04  0.10  0.85   0.08
2592  716.87    531.88    18.61  0.06  1.35   0.10
2593  1999.92   265.31    16.26  0.06  -0.65  0.06
2594  1766.20   1293.29   18.54  0.09  1.78   0.09
2595  865.73    291.04    17.94  0.06  0.30   0.09
2596  896.86    730.56    19.73  0.13  1.48   0.12
2597  884.62    1924.62   19.14  0.07  1.07   0.16
2598  2036.00   1185.86   19.91  0.12  1.80   0.12
2599  1043.71   1816.94   18.69  0.07  0.48   0.12
2600  1717.27   1826.38   18.51  0.11  1.80   0.12
2602  800.43    1204.35   18.29  0.10  0.76   0.08
2603  1075.60   1362.85   18.99  0.11  0.77   0.14
2604  1799.29   132.86    16.78  0.05  -0.38  0.11
2605  943.58    1888.94   21.36  0.20  2.77   0.32
2606  326.68    1703.28   18.11  0.05  0.89   0.15
2607  1119.28   282.01    18.36  0.07  0.68   0.14
2608  1946.49   572.77    19.52  0.07  1.54   0.12
2609  1709.51   1896.21   19.22  0.11  0.92   0.16
2610  895.61    344.34    18.38  0.07  0.70   0.12
2611  499.23    868.83    18.60  0.07  1.04   0.18
2612  1015.72   1886.54   19.54  0.13  1.23   0.08
2613  62.17     1729.20   18.69  0.08  0.78   0.10
2614  465.38    5.31      18.43  0.05  1.41   0.06
2615  478.80    960.82    20.53  0.17  1.75   0.16
2616  912.19    1586.36   19.11  0.09  0.96   0.08
2617  557.92    839.43    18.19  0.10  0.48   0.10
2618  188.02    131.30    18.89  0.12  0.67   0.05
2619  1903.60   1840.22   19.08  0.07  1.15   0.07
2620  1436.31   485.97    20.64  0.13  2.01   0.16
2621  848.78    1054.58   19.96  0.19  1.56   0.10
2622  1965.25   1383.08   20.03  0.19  1.62   0.16
2623  1560.31   1746.74   20.94  0.14  1.88   0.13
2624  808.33    1150.59   17.31  0.09  0.09   0.11
2625  1124.16   482.96    18.19  0.12  0.82   0.09
2626  164.53    1920.32   19.14  0.08  1.19   0.12
2627  58.51     1778.07   17.89  0.05  0.44   0.10
2628  1629.27   302.25    18.42  0.12  1.64   0.14
2629  1956.28   1106.22   17.61  0.05  0.32   0.08
2630  809.78    2.28      18.46  0.15  1.04   0.08
2631  1666.24   410.72    18.31  0.06  0.73   0.10
2632  1285.83   601.41    18.33  0.11  0.58   0.05
2633  1411.15   35.03     20.63  0.10  1.75   0.10
2634  1485.96   94.75     19.78  0.13  1.54   0.08
2635  1700.74   1739.79   19.92  0.09  1.37   0.09
2636  104.25    1904.49   18.48  0.05  0.89   0.13
2637  874.43    1247.41   18.28  0.06  0.35   0.05
2638  186.77    1878.39   18.99  0.07  0.90   0.11
2639  382.76    528.70    19.25  0.15  1.15   0.08
2640  386.27    2031.85   19.41  0.15  0.88   0.10
2641  452.18    150.71    18.49  0.10  0.80   0.06
2643  1126.98   1895.86   18.50  0.07  0.79   0.06
2644  1160.20   600.15    19.09  0.09  1.21   0.06
2645  1490.05   956.46    18.43  0.06  0.66   0.06
2646  668.34    1347.96   19.63  0.16  1.63   0.09
2647  1924.38   1972.46   20.56  0.10  1.84   0.09
2648  1171.86   573.98    18.39  0.06  0.71   0.08
2649  464.17    134.19    20.16  0.13  1.39   0.10
2650  124.68    1526.34   20.55  0.18  2.01   0.14
2651  622.81    473.69    20.86  0.23  2.07   0.19
2652  1458.76   891.02    20.57  0.09  1.86   0.18
2653  386.96    1121.03   18.23  0.06  0.67   0.07
2654  1685.19   1315.09   18.84  0.12  0.78   0.08
2655  1319.49   1514.36   19.59  0.20  1.28   0.09
2656  379.93    710.35    20.49  0.13  1.52   0.24
2657  1542.96   1004.90   17.24  0.04  -0.07  0.09
2658  414.70    2047.43   18.84  0.07  1.07   0.12
2659  727.74    1244.60   18.71  0.05  0.61   0.11
2660  493.65    277.85    18.71  0.07  1.81   0.09
2661  841.71    657.94    18.09  0.08  0.70   0.10
2663  1419.55   1793.85   18.64  0.08  0.76   0.13
2665  1475.44   1823.73   18.45  0.08  1.68   0.05
2666  237.09    838.62    19.79  0.17  1.49   0.11
2667  282.33    792.62    18.50  0.10  0.81   0.14
2668  1270.99   1067.34   16.17  0.03  -0.78  0.04
2669  1411.29   1479.15   19.07  0.13  1.02   0.16
2670  1711.68   178.45    18.76  0.11  0.94   0.12
2671  737.15    1855.35   19.00  0.08  1.67   0.07
2672  1633.43   1132.76   18.25  0.11  1.03   0.06
2673  1083.68   1791.83   20.58  0.12  2.07   0.12
2674  1980.17   819.55    18.85  0.06  1.04   0.09
2675  984.88    1939.77   19.63  0.09  1.50   0.07
2676  2044.32   164.11    17.76  0.05  0.19   0.05
2677  436.29    845.87    18.73  0.10  0.70   0.09
2678  1144.92   1028.31   18.33  0.05  0.76   0.05
2679  1272.48   1812.69   19.28  0.10  1.00   0.15
2680  793.94    1246.92   18.67  0.07  1.03   0.07
2681  116.25    408.15    18.62  0.10  0.82   0.06
2682  1481.79   1523.94   20.61  0.11  2.04   0.12
2683  761.02    1683.71   18.15  0.06  0.73   0.05
2684  1200.48   1602.41   20.20  0.14  1.66   0.08
2685  1713.48   866.74    18.23  0.10  0.59   0.10
2686  1471.31   1843.11   18.04  0.07  0.47   0.09
2687  1580.27   1770.44   18.28  0.10  1.18   0.07
2689  905.56    1182.65   18.62  0.06  0.85   0.07
2690  555.06    1744.96   19.38  0.08  1.34   0.07
2691  819.80    855.19    21.00  0.11  2.14   0.24
2692  28.72     1114.69   18.45  0.10  0.75   0.07
2693  1135.07   775.23    19.12  0.12  1.04   0.10
2694  1121.44   520.36    19.91  0.13  1.79   0.12
2695  1127.65   1470.48   19.30  0.11  1.11   0.11
2696  505.59    1426.06   18.30  0.06  0.95   0.09
2697  94.95     1952.39   18.69  0.11  0.61   0.07
2698  1921.98   917.05    19.38  0.08  1.16   0.13
2699  1760.62   678.81    18.22  0.10  0.42   0.14
2701  1746.67   926.02    16.62  0.06  -0.34  0.06
2702  1238.06   775.58    18.97  0.15  0.65   0.08
2703  457.90    963.81    19.01  0.17  1.09   0.06
2704  250.40    1147.64   19.75  0.15  1.30   0.15
2705  529.83    961.19    20.68  0.09  1.95   0.09
2706  1917.08   1204.47   18.57  0.12  1.49   0.06
2707  1456.38   216.64    18.78  0.07  0.88   0.10
2708  1834.25   41.24     18.62  0.09  1.32   0.08
2711  14.05     746.54    18.97  0.07  0.78   0.09
2712  599.28    1286.76   19.40  0.07  1.24   0.14
2713  171.83    691.75    19.04  0.09  1.55   0.08
2714  1662.48   709.27    18.65  0.09  0.44   0.14
2715  1325.73   1219.47   18.23  0.08  0.52   0.10
2716  1317.79   871.04    18.56  0.05  1.17   0.09
2717  429.88    1552.13   18.89  0.13  0.81   0.08
2718  1262.03   1167.02   18.69  0.09  0.71   0.06
2719  588.45    1472.94   20.25  0.11  1.61   0.09
2720  786.58    102.82    19.85  0.10  1.57   0.12
2721  442.13    373.99    18.97  0.11  1.12   0.09
2722  1837.24   90.57     20.53  0.13  1.67   0.09
2723  922.57    638.05    18.31  0.08  1.02   0.14
2724  1872.54   507.34    18.39  0.08  1.13   0.13
2725  1418.91   1214.40   19.67  0.14  1.57   0.13
2727  911.23    1480.22   20.01  0.23  1.29   0.08
2728  341.47    1801.56   18.70  0.10  0.82   0.13
2733  1236.49   1788.81   19.09  0.09  0.92   0.10
2735  862.50    533.69    19.76  0.11  0.94   0.12
2736  1968.17   1027.17   20.02  0.19  1.14   0.14
2738  1167.15   954.17    16.17  0.05  -0.86  0.03
2739  637.43    1349.99   19.45  0.08  0.73   0.15
2740  270.08    153.48    20.45  0.15  1.52   0.17
2742  2047.00   1207.45   20.56  0.11  1.50   0.16
2743  1945.09   107.28    18.52  0.09  0.55   0.12
2745  402.11    807.25    18.18  0.06  0.40   0.05
2746  1053.03   139.57    20.17  0.20  0.89   0.10
2747  866.27    371.70    19.18  0.06  0.99   0.11
2748  1527.42   1493.71   19.45  0.12  1.78   0.09
2749  1969.59   1952.21   19.92  0.09  1.20   0.10
2750  1355.81   1167.79   18.83  0.07  0.79   0.06
2751  1849.41   812.49    20.49  0.12  1.73   0.18
2752  711.66    1958.65   19.46  0.08  0.95   0.12
2754  1296.00   2032.36   19.95  0.08  1.11   0.14
2755  1944.01   647.04    19.35  0.14  1.08   0.07
2756  1750.21   1766.66   19.94  0.19  1.28   0.21
2757  1069.89   1824.93   20.22  0.17  1.75   0.14
2758  965.69    636.30    18.84  0.07  0.99   0.09
2759  160.42    661.47    19.17  0.16  1.16   0.14
2760  627.23    861.78    19.85  0.13  1.05   0.07
2761  713.76    1763.95   20.28  0.23  0.99   0.12
2762  2046.67   1700.33   18.90  0.08  0.48   0.09
2764  461.94    1059.48   20.16  0.12  0.93   0.15
2766  273.28    740.81    19.52  0.13  0.92   0.12
2767  1140.95   204.12    17.70  0.04  0.00   0.15
2768  187.60    894.89    17.92  0.07  0.03   0.06
2769  974.46    272.90    19.61  0.13  0.71   0.17
2770  358.47    1553.28   20.56  0.17  1.65   0.17
2772  1273.48   1340.13   19.72  0.17  0.96   0.09
2773  1076.09   1706.46   19.98  0.16  1.50   0.16
2774  1977.59   1625.99   20.05  0.11  1.50   0.10
2775  1489.59   928.88    19.51  0.09  1.22   0.08
2776  1182.06   650.88    19.59  0.10  1.05   0.08
2777  1730.76   1390.78   18.90  0.16  0.48   0.10
2778  1210.22   1747.11   20.27  0.15  1.59   0.14
2779  128.35    1711.81   17.06  0.04  -0.32  0.05
2780  419.75    1310.35   20.75  0.19  1.37   0.16
2781  968.04    121.27    19.01  0.07  0.97   0.16
2782  829.90    68.44     20.53  0.15  1.32   0.13
2783  123.25    1070.97   19.54  0.11  1.20   0.11
2784  158.15    1977.17   19.70  0.08  0.95   0.10
2785  1349.11   759.56    19.24  0.12  1.28   0.14
2786  1682.39   1889.54   20.42  0.09  1.48   0.12
2788  1098.43   778.19    16.45  0.04  -0.71  0.05
2789  1897.56   1018.45   19.80  0.08  1.09   0.11
2790  863.80    338.79    19.38  0.09  1.08   0.12
2791  706.78    1684.27   19.16  0.08  0.90   0.09
2792  86.50     1451.23   17.59  0.08  -0.10  0.06
2793  1514.25   733.30    20.27  0.21  1.17   0.10
2795  5.75      167.94    19.50  0.14  0.84   0.07
2796  143.26    2030.54   19.22  0.07  1.03   0.17
2797  805.90    1301.23   19.37  0.09  0.89   0.15
2799  354.63    569.31    19.13  0.15  1.38   0.24
2801  1780.53   701.14    19.80  0.11  1.03   0.11
2802  1407.40   1508.96   19.31  0.12  0.90   0.19
2803  438.35    807.69    19.24  0.11  0.76   0.11
2804  1152.75   1645.95   19.29  0.12  1.50   0.07
2805  962.11    1823.49   19.69  0.07  1.24   0.11
2806  1992.65   344.32    20.83  0.12  1.74   0.13
2808  1340.24   1025.36   19.40  0.17  1.73   0.08
2810  901.09    860.41    19.24  0.08  0.79   0.06
2811  1570.19   810.52    20.88  0.11  1.69   0.14
2812  1229.45   446.50    18.62  0.16  0.99   0.12
2813  633.09    1399.54   17.68  0.05  0.06   0.10
2814  17.59     1270.08   18.33  0.08  0.38   0.10
2815  17.38     1203.01   20.24  0.20  1.53   0.14
2816  463.25    448.08    19.62  0.07  1.12   0.07
2817  5.22      1623.00   19.96  0.22  1.33   0.14
2818  1765.48   1836.73   18.97  0.07  0.80   0.12
2820  1853.17   1046.65   18.80  0.06  0.44   0.13
2821  1780.81   933.82    19.46  0.08  0.93   0.07
2822  309.85    1863.79   19.45  0.21  0.74   0.13
2823  703.49    946.58    19.25  0.08  1.24   0.08
2824  250.18    1096.59   19.96  0.13  1.25   0.14
2825  355.70    1486.68   19.53  0.10  1.39   0.17
2826  1982.07   1876.38   20.33  0.17  1.24   0.17
2827  304.04    1503.57   19.55  0.15  1.17   0.12
2828  1311.95   1580.56   19.34  0.12  1.16   0.10
2829  1394.05   1441.37   19.59  0.09  0.99   0.13
2830  315.93    74.05     18.83  0.07  0.98   0.07
2831  1242.38   1634.72   20.62  0.11  1.42   0.13
2833  1069.71   106.53    19.30  0.20  1.01   0.07
2835  296.47    649.46    19.48  0.09  0.98   0.18
2836  695.63    1400.11   20.10  0.11  1.54   0.19
2837  567.66    1667.50   18.88  0.09  0.66   0.14
2838  918.41    590.10    19.92  0.08  0.94   0.11
2839  1292.13   1228.40   18.04  0.07  0.14   0.07
2840  550.10    1402.84   19.71  0.13  1.80   0.10
2841  1915.29   824.23    19.63  0.14  2.00   0.09
2842  576.18    1953.14   20.57  0.09  1.44   0.15
2843  1256.96   867.57    19.50  0.11  1.08   0.14
2844  327.83    561.59    18.30  0.11  0.36   0.05
2845  133.22    555.52    19.40  0.07  0.94   0.10
2846  295.28    549.76    18.47  0.11  0.23   0.07
2848  1675.18   1395.01   17.83  0.08  0.23   0.04
2849  77.33     507.18    19.60  0.13  1.44   0.15
2850  1423.54   158.68    19.08  0.08  0.59   0.06
2851  1101.51   172.93    18.49  0.06  0.39   0.07
2852  1564.68   1220.77   19.70  0.09  0.82   0.12
2853  993.04    700.34    21.25  0.12  1.73   0.25
2854  1613.23   246.91    20.22  0.09  1.61   0.28
2855  1619.28   1455.92   16.49  0.05  -0.87  0.06
2856  593.66    880.69    19.03  0.11  0.77   0.07
2857  223.26    1255.54   18.68  0.08  0.50   0.06
2858  1800.92   1004.43   20.09  0.14  1.24   0.09
2859  1080.15   852.89    16.87  0.05  -0.53  0.07
2860  1406.05   1572.46   17.30  0.07  -0.08  0.06
2861  536.95    1381.08   19.62  0.14  1.28   0.17
2862  1875.34   1085.68   18.76  0.15  0.55   0.06
2863  585.60    1526.53   17.22  0.04  -0.29  0.04
2864  1488.54   1397.84   17.95  0.06  0.06   0.05
2865  1959.05   165.98    18.65  0.13  0.76   0.11
2866  1033.93   1156.33   19.12  0.12  1.04   0.12
2868  321.89    760.25    17.49  0.06  -0.16  0.07
2869  253.97    407.45    20.73  0.24  1.71   0.12
2871  976.16    2035.50   19.11  0.13  0.93   0.11
2872  133.95    965.37    19.96  0.09  1.09   0.11
2873  1403.31   333.10    18.41  0.13  0.25   0.10
2874  53.34     606.59    19.36  0.09  1.09   0.16
2875  1783.73   1690.15   20.80  0.16  1.27   0.22
2876  1627.61   1301.96   19.51  0.10  0.73   0.14
2877  1549.75   31.19     18.93  0.08  0.56   0.06
2879  444.87    434.23    18.73  0.11  0.75   0.06
2880  791.50    1981.31   18.11  0.07  -0.02  0.07
2881  1879.71   136.08    20.73  0.16  1.83   0.17
2882  1432.27   1790.45   19.79  0.09  1.44   0.10
2883  1362.05   796.88    19.02  0.08  1.77   0.06
2884  1583.58   491.94    19.14  0.10  0.74   0.07
2885  1177.88   15.19     19.57  0.07  0.93   0.09
2886  138.83    136.40    20.98  0.20  1.94   0.25
2887  1201.60   1779.50   19.91  0.17  1.10   0.13
2888  1679.48   649.32    18.85  0.09  0.84   0.11
2889  1906.68   1921.74   19.58  0.09  0.84   0.07
2890  120.18    731.16    17.05  0.08  -0.39  0.04
2891  1322.40   810.24    19.19  0.18  0.57   0.05
2892  1904.36   44.85     20.98  0.24  2.16   0.17
2893  1637.78   94.73     18.82  0.09  0.72   0.07
2894  1098.88   804.89    19.18  0.06  0.73   0.10
2895  194.03    391.58    20.40  0.16  1.06   0.18
2896  115.98    1365.42   19.87  0.09  1.16   0.23
2897  1502.38   1934.00   20.06  0.09  1.38   0.22
2898  457.62    731.28    20.39  0.10  1.50   0.09
2899  1492.22   837.54    19.49  0.10  0.88   0.12
2900  795.13    153.66    18.78  0.08  0.61   0.15
2901  1329.61   1666.96   19.74  0.07  0.78   0.09
2902  727.56    1333.02   19.97  0.12  1.13   0.12
2903  544.16    1235.00   18.31  0.06  0.27   0.09
2904  461.68    30.00     19.32  0.09  0.86   0.07
2905  1173.00   884.18    19.88  0.16  1.08   0.12
2906  662.00    626.69    19.73  0.10  1.82   0.12
2907  1709.53   59.31     19.16  0.08  2.17   0.17
2908  50.26     838.43    19.40  0.14  1.50   0.14
2909  692.85    213.89    20.19  0.10  1.44   0.11
2910  581.56    341.87    19.29  0.07  0.81   0.10
2911  1907.62   950.40    19.27  0.10  0.62   0.07
2913  944.03    693.31    19.32  0.11  1.33   0.08
2914  1649.75   1811.45   19.30  0.10  0.98   0.12
2915  1548.86   1816.65   20.92  0.24  1.81   0.19
2916  1851.85   472.49    19.84  0.08  0.70   0.22
2917  125.60    704.96    18.60  0.07  0.53   0.09
2918  748.72    71.54     20.76  0.27  1.75   0.17
2919  728.70    1523.70   19.89  0.08  1.29   0.12
2920  1209.18   1997.24   20.54  0.20  1.69   0.14
2921  758.67    678.62    20.08  0.14  1.00   0.24
2922  549.19    1620.57   20.45  0.10  1.61   0.11
2923  1238.05   1877.29   19.06  0.21  0.85   0.08
2924  671.64    638.36    19.43  0.07  1.83   0.06
2925  76.55     1067.65   20.51  0.16  1.84   0.19
2926  1945.50   662.08    19.51  0.15  1.01   0.12
2927  1877.50   1534.88   20.64  0.14  1.56   0.13
2928  1597.54   1488.15   19.84  0.16  1.34   0.15
2930  1248.66   1001.94   19.39  0.15  0.75   0.16
2931  1332.75   1498.99   19.70  0.07  1.31   0.08
2932  216.60    1469.58   19.39  0.10  1.98   0.10
2933  1725.51   683.85    19.74  0.20  1.15   0.14
2934  1732.64   929.06    19.76  0.15  1.52   0.13
2935  526.31    1663.77   19.38  0.11  1.02   0.07
2936  179.10    877.44    19.33  0.13  0.85   0.06
2937  1645.63   1040.51   19.93  0.12  1.07   0.12
2938  619.33    580.77    20.37  0.10  1.65   0.12
2939  1627.79   1018.77   20.21  0.15  1.39   0.10
2941  301.15    693.71    16.76  0.06  -0.64  0.10
2942  1315.30   1569.42   18.26  0.07  0.34   0.05
2943  782.23    1739.03   19.91  0.09  1.11   0.15
2944  392.12    1532.05   19.49  0.09  0.75   0.11
2945  250.84    1139.60   18.56  0.09  0.52   0.10
2946  52.83     478.78    20.50  0.09  1.72   0.32
2947  1038.37   1925.72   20.84  0.13  1.54   0.12
2948  1615.17   960.71    18.25  0.06  0.45   0.08
2949  1304.12   313.36    18.98  0.07  0.82   0.06
2950  1816.56   1199.27   18.37  0.05  0.50   0.10
2951  1040.34   783.67    19.69  0.12  1.01   0.12
2952  1035.28   1647.04   20.77  0.14  1.58   0.13
2953  849.83    1150.80   20.08  0.13  1.23   0.09
2954  874.52    80.25     19.38  0.18  1.34   0.09
2955  1663.18   117.75    19.51  0.12  1.07   0.12
2956  1504.40   1209.57   19.11  0.15  1.62   0.09
2957  699.24    1264.12   19.35  0.07  0.93   0.10
2958  968.93    1934.55   19.84  0.15  1.70   0.10
2959  1276.08   522.68    19.65  0.09  1.52   0.14
2960  169.63    1215.85   20.21  0.21  1.48   0.10
2961  189.30    135.29    19.09  0.07  0.85   0.06
2962  1302.59   462.80    17.00  0.05  -0.49  0.09
2963  1236.31   1521.63   18.94  0.11  0.57   0.07
2964  470.83    1936.41   18.20  0.08  0.16   0.11
2965  1415.11   1693.02   19.72  0.11  1.05   0.12
2966  746.11    241.29    19.69  0.17  1.96   0.18
2967  475.46    910.92    19.69  0.12  1.22   0.16
2968  966.93    1222.10   20.03  0.11  1.25   0.16
2969  1047.69   1970.18   20.46  0.11  1.74   0.16
2970  389.52    1044.00   19.48  0.14  1.37   0.08
2973  1659.20   1669.98   19.06  0.06  1.19   0.12
2974  1584.27   1596.98   19.65  0.16  1.20   0.08
2978  1169.05   1987.47   19.47  0.16  1.75   0.13
2979  1134.65   1951.20   19.29  0.11  0.90   0.08
2980  1857.67   822.82    19.69  0.18  0.99   0.14
2982  2004.25   18.05     20.58  0.22  1.53   0.14
2983  495.28    1388.37   19.12  0.07  0.90   0.09
2984  1911.80   701.52    19.34  0.08  0.86   0.12
2985  1164.58   488.91    19.03  0.09  1.21   0.12
2986  671.06    96.11     20.23  0.12  1.15   0.14
2987  609.03    1975.66   20.06  0.18  0.80   0.13
2989  95.26     387.70    20.08  0.09  2.32   0.12
2990  302.78    1989.78   19.78  0.11  0.81   0.31
2993  176.28    1760.94   20.67  0.20  1.26   0.12
2995  1654.95   557.86    21.01  0.13  1.76   0.15
2996  211.42    1607.43   20.31  0.09  1.75   0.33
2997  1441.92   387.51    20.30  0.20  0.91   0.10
2999  2038.77   810.80    19.87  0.15  1.05   0.18
21000 1226.63   861.34    19.90  0.16  1.92   0.18
21001 1771.16   1688.99   19.19  0.12  0.57   0.08
21002 1741.73   1408.96   22.22  0.24  2.41   0.45
21003 396.24    358.80    19.84  0.11  0.87   0.11
21004 1990.92   852.57    20.44  0.12  1.41   0.13
21005 1110.00   946.35    19.41  0.11  0.75   0.07
21007 1105.66   1175.83   20.10  0.09  1.11   0.11
21009 59.10     565.52    21.39  0.38  1.40   0.15
21011 1051.84   546.43    19.93  0.14  0.80   0.17
21012 541.26    976.72    19.41  0.10  0.64   0.09
21014 1934.57   1545.63   20.50  0.17  0.85   0.20
21016 819.29    1618.03   20.29  0.13  1.17   0.11
21017 485.33    1522.97   19.73  0.12  1.12   0.09
21018 913.94    409.99    20.07  0.16  1.21   0.20
21019 755.94    1402.72   19.88  0.12  1.27   0.20
21020 776.40    1160.22   18.71  0.06  0.10   0.07
21022 134.83    948.00    18.21  0.13  -0.28  0.08
21023 548.88    763.44    20.23  0.16  1.55   0.09
21024 1763.82   802.33    20.04  0.08  0.87   0.09
21025 1529.04   734.89    20.32  0.09  1.27   0.24
21026 279.60    2025.62   20.86  0.16  1.05   0.09
21027 1999.10   992.26    20.30  0.20  1.13   0.18
21028 1271.00   1928.23   20.27  0.16  1.30   0.18
21029 623.85    989.15    20.23  0.15  1.11   0.21
21030 1247.35   2034.69   20.23  0.38  0.95   0.15
21031 1265.14   1284.30   20.32  0.19  1.20   0.10
21032 1855.65   381.45    19.21  0.10  0.60   0.12
21033 1117.37   779.70    20.37  0.13  1.13   0.11
21034 577.49    2037.11   20.23  0.21  1.10   0.11
21035 1787.44   2032.89   20.05  0.13  0.87   0.08
21036 1207.76   218.06    20.45  0.10  1.00   0.13
21037 1427.99   460.00    19.86  0.17  1.57   0.11
21038 616.04    686.16    20.30  0.09  0.58   0.19
21039 1646.36   967.75    19.89  0.09  1.30   0.09
21040 841.57    1167.68   20.63  0.15  1.11   0.20
21041 440.88    80.23     20.81  0.28  1.82   0.23
21043 1792.27   845.40    19.42  0.10  0.67   0.11
21044 1488.42   1933.02   20.15  0.15  1.17   0.12
21045 813.93    80.42     20.37  0.15  1.92   0.14
21047 1715.39   763.63    20.00  0.15  1.68   0.09
21048 1164.42   634.75    20.77  0.18  2.13   0.11
21049 33.84     705.44    20.02  0.16  1.11   0.18
21050 449.67    139.48    19.89  0.15  1.29   0.08
21051 794.65    910.85    18.96  0.08  0.48   0.10
21052 735.87    2030.33   20.24  0.15  0.88   0.11
21053 1213.61   1530.38   19.69  0.19  0.53   0.18
21054 660.23    1628.95   20.09  0.09  1.12   0.17
21055 1701.87   541.92    19.78  0.07  0.83   0.25
21056 1053.10   853.41    18.23  0.08  -0.21  0.09
21058 766.16    503.58    20.05  0.12  1.12   0.09
21059 865.69    1932.51   20.47  0.14  1.65   0.12
21060 1029.87   1908.06   18.92  0.07  0.34   0.12
21061 1691.74   1305.01   19.88  0.08  1.86   0.16
21062 1699.20   87.77     20.71  0.14  1.01   0.20
21063 1668.13   182.27    21.04  0.21  1.29   0.12
21064 268.34    662.35    20.61  0.11  1.15   0.21
21066 1425.15   757.37    20.03  0.20  0.99   0.13
21067 1805.01   1443.88   20.53  0.16  1.35   0.26
21068 1685.63   4.78      20.02  0.15  1.24   0.24
21069 566.86    1502.54   20.65  0.15  1.27   0.23
21070 411.53    690.38    20.53  0.21  1.05   0.15
21072 603.01    1557.61   20.75  0.11  1.68   0.14
21073 806.17    966.06    21.08  0.31  1.65   0.17
21074 702.51    1211.55   18.93  0.07  0.30   0.09
21075 716.03    266.04    17.80  0.06  -0.38  0.12
21076 710.00    429.80    20.26  0.21  1.02   0.22
21077 1399.31   1348.87   20.88  0.20  0.97   0.20
21078 440.88    971.99    19.97  0.08  0.99   0.11
21079 1109.58   680.65    21.14  0.19  1.80   0.17
21080 1745.66   129.39    19.00  0.09  0.42   0.05
21082 301.51    1228.99   19.77  0.10  0.91   0.09
21083 605.30    228.42    20.08  0.12  1.17   0.23
21084 99.80     151.66    17.56  0.15  -0.49  0.08
21085 107.76    768.00    19.66  0.10  1.11   0.11
21087 1571.46   1288.17   19.08  0.11  0.36   0.08
21088 1074.75   1560.13   18.24  0.09  0.14   0.08
21089 952.97    827.87    17.57  0.06  -0.44  0.07
21092 1703.10   1976.48   21.20  0.23  1.28   0.13
21093 128.99    1648.51   19.90  0.23  0.87   0.16
21094 196.31    331.21    20.10  0.08  0.90   0.11
21095 1860.85   709.13    20.52  0.10  0.97   0.19
21096 1116.36   640.44    21.28  0.15  1.84   0.16
21098 934.91    897.70    21.39  0.13  2.02   0.22
21099 1007.77   27.08     18.63  0.11  -0.11  0.07
21100 1404.10   584.55    20.29  0.12  0.90   0.12
21101 486.75    305.68    21.12  0.12  1.89   0.21
21103 520.29    1044.70   20.17  0.14  1.57   0.11
21105 625.58    1877.87   20.36  0.12  2.60   0.12
21106 1756.13   150.09    19.84  0.15  1.19   0.18
21107 526.42    785.39    20.08  0.10  0.90   0.08
21111 788.96    850.62    20.07  0.10  0.94   0.09
21112 218.02    1322.28   19.98  0.12  1.48   0.12
21113 1531.75   673.94    20.18  0.22  1.30   0.19
21114 204.29    1645.60   20.45  0.14  0.96   0.10
21115 922.05    174.39    19.86  0.12  1.04   0.11
21116 370.34    1926.22   20.53  0.14  1.56   0.21
21118 999.95    756.24    19.22  0.10  0.41   0.08
21119 988.28    30.20     19.83  0.08  0.93   0.07
21120 1504.23   138.63    17.49  0.07  -0.49  0.06
21121 258.26    902.50    19.78  0.11  0.52   0.19
21123 784.69    838.73    19.96  0.14  1.22   0.09
21124 511.59    418.00    19.81  0.11  0.59   0.07
21125 1980.24   145.72    20.80  0.12  1.07   0.21
21126 1776.97   471.79    19.97  0.10  1.15   0.09
21127 194.35    1133.80   20.13  0.25  0.96   0.09
21128 921.89    1797.85   18.50  0.12  -0.16  0.06
21129 986.45    975.03    18.17  0.09  -0.04  0.08
21130 826.64    459.15    20.19  0.14  0.99   0.10
21131 1330.76   627.61    19.87  0.12  1.85   0.17
21132 53.05     1158.16   21.16  0.20  1.18   0.14
21133 935.89    1851.33   20.58  0.16  1.06   0.14
21134 1083.59   244.46    20.22  0.08  0.76   0.16
21135 1561.35   1200.46   19.96  0.09  0.96   0.14
21137 436.10    346.76    20.15  0.11  1.40   0.08
21138 1726.12   1161.21   19.79  0.10  1.53   0.10
21139 140.84    467.31    20.17  0.16  0.91   0.10
21146 25.06     164.79    20.62  0.17  1.29   0.12
21147 1897.10   1878.61   20.71  0.31  1.16   0.12
21148 901.23    942.66    20.24  0.14  1.10   0.10
21150 1790.51   95.85     19.68  0.08  0.93   0.11
21151 245.60    1688.66   20.17  0.09  1.08   0.10
21152 1290.02   1903.80   20.42  0.20  1.17   0.19
21153 287.80    1592.25   19.78  0.08  1.02   0.14
21154 1971.79   1327.13   20.36  0.10  0.86   0.13
21155 1057.57   34.47     19.59  0.18  0.53   0.14
21156 296.13    257.63    20.98  0.24  1.30   0.16
21157 1643.51   871.33    20.49  0.20  2.22   0.18
21158 1817.66   742.62    19.88  0.10  1.32   0.21
21160 1490.77   1830.40   19.61  0.07  0.90   0.09
21161 1458.37   1951.96   20.50  0.13  0.92   0.22
21162 1358.48   651.35    20.13  0.15  0.94   0.15
21163 802.95    961.57    19.78  0.10  1.00   0.10
21164 772.31    1098.87   19.36  0.17  0.96   0.09
21165 1551.22   1242.28   20.68  0.13  1.00   0.14
21166 1529.92   1423.20   18.09  0.08  0.08   0.09
21170 111.77    916.99    20.94  0.14  1.17   0.32
21171 1367.85   1135.24   20.85  0.24  1.54   0.11
21172 892.66    1692.20   21.11  0.23  1.20   0.14
21173 1707.30   1711.34   19.18  0.10  0.60   0.17
21174 726.85    1290.09   18.01  0.07  -0.21  0.10
21175 1704.81   1459.73   20.22  0.08  0.97   0.17
21176 1785.70   259.98    20.12  0.25  0.95   0.10
21177 688.86    1294.79   19.91  0.14  1.29   0.15
21178 1987.91   444.05    20.08  0.10  1.62   0.12
21179 878.62    1994.43   20.07  0.11  0.50   0.20
21180 1126.55   464.18    19.80  0.12  0.92   0.10
21182 203.28    1996.98   19.69  0.14  0.81   0.10
21183 1053.93   462.09    20.00  0.09  1.06   0.10
21184 1461.35   1054.26   20.30  0.11  1.20   0.13
21186 1758.13   2013.43   20.20  0.11  1.45   0.09
21187 336.73    351.59    20.17  0.17  1.20   0.09
21189 1032.08   954.82    20.46  0.24  1.14   0.17
21190 971.13    1917.93   21.34  0.28  1.85   0.23
21191 833.99    1436.12   20.06  0.11  0.87   0.10
21193 1022.40   1324.44   20.40  0.13  0.83   0.14
21194 1656.66   1816.60   18.81  0.08  0.33   0.09
21195 73.27     885.25    19.49  0.13  0.98   0.13
21196 800.13    80.85     19.84  0.11  1.56   0.07
21197 1605.15   1557.78   19.95  0.09  0.87   0.13
21198 1571.01   526.19    18.68  0.06  -0.09  0.10
21200 720.13    1731.42   20.52  0.26  0.79   0.21
21201 25.45     802.92    20.48  0.13  1.37   0.19
21202 1894.94   635.20    20.53  0.19  1.36   0.18
21204 700.50    2031.29   20.13  0.12  1.75   0.08
21205 1347.19   1947.12   20.09  0.18  1.03   0.10
21206 1349.19   635.47    19.90  0.11  1.23   0.12
21208 1344.49   147.65    20.48  0.26  1.56   0.18
21210 760.33    1450.31   20.54  0.10  1.48   0.12
21211 1400.80   1361.14   20.08  0.14  1.22   0.09
21212 509.88    1806.48   20.15  0.11  1.45   0.11
21213 2025.19   190.67    18.59  0.11  0.07   0.11
21214 718.98    1430.72   20.42  0.15  0.89   0.16
21215 1396.49   616.88    21.13  0.14  1.48   0.14
21217 1504.37   493.98    20.22  0.21  1.06   0.09
21218 1693.92   15.70     20.89  0.19  1.36   0.17
21219 801.47    842.79    20.26  0.10  1.08   0.10
21221 546.11    191.94    20.08  0.16  1.96   0.08
21222 890.94    1238.65   20.31  0.17  1.23   0.09
21223 752.76    554.44    19.68  0.08  0.91   0.08
21224 1538.15   589.79    19.19  0.12  0.33   0.14
21225 15.74     238.04    20.52  0.18  1.29   0.17
21226 1200.35   1172.74   20.49  0.18  1.07   0.11
21227 1478.80   74.97     19.92  0.17  1.03   0.11
21228 1662.79   997.37    18.55  0.09  0.35   0.06
21229 1786.40   779.64    21.30  0.21  1.84   0.26
21230 1854.65   1255.60   19.93  0.09  1.43   0.11
21231 1503.65   433.17    19.51  0.12  0.76   0.07
21232 536.48    1847.08   20.24  0.11  1.89   0.09
21233 1625.92   1156.70   20.69  0.18  1.10   0.09
21234 257.18    294.19    20.87  0.18  1.33   0.26
21235 357.05    1793.48   19.66  0.09  0.95   0.18
21236 1465.07   216.91    18.54  0.12  0.09   0.07
21237 378.98    1991.05   19.01  0.10  0.20   0.13
21238 743.30    602.03    19.94  0.10  1.85   0.16
21239 40.12     1019.32   20.23  0.15  0.80   0.21
21240 606.09    1603.22   20.71  0.16  1.20   0.15
21241 1180.51   34.85     20.05  0.09  1.20   0.14
21242 1710.51   209.52    18.92  0.08  0.16   0.10
21243 628.35    1887.34   19.14  0.06  0.36   0.08
21244 165.83    1989.76   19.73  0.08  1.37   0.10
21245 834.32    1581.00   19.84  0.12  1.57   0.13
21246 196.52    1281.97   20.21  0.16  0.92   0.11
21247 1077.14   523.82    19.45  0.10  0.45   0.08
21248 828.46    1161.49   19.67  0.15  1.04   0.14
21249 1691.88   1077.92   19.84  0.11  0.91   0.16
21250 1899.82   1077.86   20.23  0.09  0.97   0.09
21251 1134.56   925.83    19.64  0.13  1.02   0.13
21252 1099.66   1245.84   20.27  0.13  1.41   0.15
21254 1050.99   788.03    19.94  0.09  0.56   0.16
21255 303.37    1927.09   20.74  0.13  1.13   0.11
21256 1351.03   196.98    20.92  0.18  1.41   0.23
21257 1752.65   665.03    20.14  0.11  0.81   0.12
21258 1921.46   1418.34   19.79  0.08  1.05   0.09
21259 1614.81   853.15    20.10  0.11  0.92   0.14
21260 1412.21   1298.90   20.34  0.18  1.04   0.09
21261 122.81    1001.63   19.70  0.10  1.33   0.18
21262 1608.27   1504.44   20.91  0.16  1.59   0.17
21263 1493.79   1045.98   19.02  0.09  0.32   0.09
21265 1724.32   592.99    20.16  0.11  1.47   0.16
21266 156.13    1317.60   20.20  0.12  1.76   0.16
21267 880.86    498.87    19.92  0.21  0.95   0.15
21268 1884.44   1721.96   19.93  0.11  0.93   0.09
21269 864.30    1881.98   19.65  0.12  0.69   0.12
21271 674.83    1734.18   20.31  0.17  1.21   0.13
21273 559.13    1694.32   20.24  0.25  2.18   0.20
21274 1813.18   31.57     20.34  0.14  1.43   0.10
21275 1806.71   1144.63   20.45  0.10  1.00   0.16
21276 1937.34   481.76    19.70  0.08  0.90   0.11
21277 373.44    558.28    19.98  0.15  0.73   0.19
21278 1703.11   186.34    19.39  0.08  0.44   0.16
21279 543.19    1154.91   20.33  0.13  0.98   0.16
21280 300.42    369.49    20.68  0.14  1.57   0.16
21281 1069.77   606.35    20.53  0.17  1.71   0.19
21282 743.33    1786.50   19.85  0.13  0.84   0.16
21284 773.50    1137.38   19.25  0.09  0.22   0.13
21285 1773.73   1273.73   20.67  0.16  0.91   0.22
21286 1582.66   321.39    18.73  0.07  0.11   0.15
21289 1638.00   1273.96   20.04  0.18  0.71   0.12
21290 1887.89   865.20    20.15  0.19  0.94   0.16
21291 396.98    1423.12   19.02  0.07  0.40   0.07
21293 1463.32   1711.09   20.65  0.11  1.25   0.09
21296 458.26    1296.09   20.47  0.12  1.46   0.13
21297 640.89    1640.73   19.55  0.12  0.70   0.08
21298 1098.70   11.47     20.36  0.19  1.10   0.21
21299 1714.87   645.59    19.51  0.07  1.10   0.24
21300 1514.11   730.98    19.45  0.10  0.56   0.07
21301 815.24    1925.08   17.94  0.07  -0.40  0.05
21305 742.36    1845.46   19.79  0.17  0.68   0.17
21306 1237.46   1347.14   20.32  0.10  0.91   0.21
21307 22.83     1229.76   19.88  0.14  0.81   0.17
21309 1053.24   224.99    20.44  0.10  1.42   0.14
21310 982.67    1234.72   20.52  0.29  1.67   0.18
21311 1003.25   1919.59   18.36  0.12  0.09   0.06
21312 671.24    358.53    19.32  0.10  0.50   0.08
21313 924.20    49.06     20.51  0.26  1.50   0.20
21314 1805.26   1688.39   19.99  0.08  1.25   0.08
21315 1232.25   280.18    19.95  0.12  0.98   0.13
21316 750.75    1522.67   19.85  0.13  2.48   0.10
21317 1157.12   1732.21   20.76  0.12  1.34   0.11
21318 926.40    1076.63   17.93  0.04  -0.21  0.07
21320 144.02    2031.64   19.99  0.11  1.43   0.15
21322 1667.45   1849.94   21.22  0.26  1.54   0.26
21324 779.00    915.13    18.78  0.08  0.05   0.15
21325 1934.70   514.43    20.25  0.10  0.87   0.08
21326 1744.32   1301.82   19.81  0.18  0.72   0.22
21327 1736.81   538.94    20.61  0.11  1.06   0.13
21328 76.45     1905.08   20.26  0.10  1.14   0.19
21329 1055.32   620.25    19.85  0.17  1.20   0.15
21330 91.72     236.50    20.70  0.11  1.27   0.18
21331 237.95    93.43     20.68  0.23  1.08   0.11
21332 1987.67   1321.96   20.33  0.11  1.33   0.11
21333 400.98    1178.53   20.02  0.23  1.00   0.11
21334 1160.86   1766.22   20.36  0.13  1.27   0.09
21335 1076.24   464.40    19.64  0.15  0.74   0.10
21336 1658.40   1030.74   21.36  0.15  1.56   0.14
21338 1629.57   558.46    19.99  0.19  1.01   0.14
21341 1053.95   1770.63   20.89  0.17  1.64   0.15
21342 1590.37   431.39    20.99  0.16  1.05   0.14
21343 1895.18   1454.69   20.74  0.13  0.98   0.21
21345 2002.81   901.48    20.86  0.10  1.15   0.16
21347 966.06    781.89    21.07  0.18  0.84   0.15
21348 44.12     566.14    20.33  0.10  0.78   0.11
21350 1895.99   41.79     19.24  0.07  0.04   0.14
21352 541.02    829.32    18.18  0.10  -0.34  0.07
21353 1332.89   2034.51   20.62  0.18  2.24   0.19
21354 1728.89   695.24    20.64  0.12  0.91   0.13
21356 1840.30   1631.68   19.41  0.07  0.28   0.07
21357 1083.34   1125.21   21.02  0.20  1.11   0.17
21359 1128.89   1742.29   21.20  0.14  1.90   0.18
21362 480.89    285.03    20.72  0.14  1.09   0.13
21364 1820.58   478.46    21.16  0.17  2.05   0.10
21367 328.57    1333.84   20.85  0.15  0.82   0.24
21368 1396.19   1702.45   20.68  0.13  1.36   0.09
21369 2005.52   1957.32   18.21  0.08  -0.43  0.05
21371 289.83    1465.47   20.63  0.15  1.16   0.29
21376 1507.34   988.17    20.32  0.18  0.96   0.10
21377 351.33    891.03    20.82  0.21  0.97   0.20
21380 614.88    1117.12   20.96  0.12  1.07   0.11
21384 1557.97   1978.72   20.16  0.12  0.59   0.09
21385 616.76    229.17    21.36  0.20  1.48   0.14
21386 1063.90   529.72    18.62  0.08  -0.47  0.12
21389 1000.27   896.45    19.25  0.07  0.10   0.24
21392 104.53    1002.17   20.87  0.20  1.19   0.26
21393 1020.30   58.18     19.60  0.08  0.14   0.12
21394 1158.75   1654.55   21.00  0.17  0.81   0.15
21396 327.77    1469.59   20.70  0.10  1.24   0.27
21400 885.89    485.04    21.16  0.23  0.91   0.38
21401 670.78    554.39    20.76  0.14  1.52   0.18
21402 1424.10   123.50    20.53  0.11  1.04   0.12
21403 230.10    1065.25   21.06  0.23  2.11   0.16
21404 762.64    66.54     20.16  0.20  0.24   0.14
21405 1952.78   810.45    20.31  0.11  1.02   0.09
21406 816.89    836.56    20.58  0.27  2.08   0.14
21407 1165.34   2039.42   21.46  0.24  2.37   0.13
21409 1797.56   1243.15   19.45  0.10  0.18   0.24
21410 1196.53   129.72    20.68  0.11  0.95   0.14
21411 760.95    821.20    21.12  0.18  1.12   0.16
21412 1168.53   658.29    21.54  0.21  1.08   0.22
21413 1816.45   467.13    21.10  0.19  1.06   0.31
21415 1265.94   1823.01   20.66  0.12  1.30   0.16
21419 131.77    1588.91   19.01  0.07  0.13   0.13
21420 1707.19   887.66    20.71  0.13  0.75   0.13
21421 90.15     997.03    19.30  0.09  0.18   0.13
21423 1555.68   1351.09   21.15  0.25  0.75   0.33
21426 1067.65   1125.63   20.23  0.10  0.68   0.13
21430 1379.41   1180.64   20.80  0.24  1.03   0.20
21431 1835.83   1844.28   21.17  0.16  1.17   0.31
21432 629.58    1670.28   21.03  0.22  0.87   0.11
21434 1119.63   705.43    19.97  0.13  0.34   0.09
21435 1770.13   1398.25   20.76  0.12  1.18   0.16
21436 556.18    1181.88   21.12  0.14  1.35   0.18
21437 1914.66   1844.79   21.06  0.11  1.37   0.20
21438 1949.45   1736.32   19.82  0.11  0.48   0.22
21439 1193.28   73.56     20.46  0.12  1.05   0.14
21440 725.98    610.44    20.80  0.11  1.11   0.17
21442 1501.40   1981.30   19.61  0.14  0.48   0.15
21443 1063.12   653.73    20.41  0.23  1.95   0.20
21444 1021.75   1387.77   20.77  0.21  1.10   0.10
21445 331.23    547.95    20.24  0.12  0.79   0.13
21447 980.18    1130.84   20.58  0.18  0.32   0.29
21448 1931.01   1669.06   20.93  0.22  0.84   0.16
21451 1839.04   871.09    19.62  0.21  0.10   0.07
21452 370.66    1939.24   20.89  0.17  0.95   0.16
21453 806.59    217.01    19.63  0.11  0.35   0.11
21454 1438.02   1156.16   20.66  0.13  0.96   0.19
21456 559.90    1239.88   19.38  0.09  0.49   0.16
21458 1867.21   810.94    20.84  0.18  0.63   0.17
21459 1754.97   1947.40   18.01  0.09  -0.37  0.06
21460 1304.41   503.88    19.16  0.07  0.00   0.07
21461 1959.68   949.66    20.44  0.14  0.88   0.23
21462 133.16    300.79    20.44  0.12  1.59   0.22
21467 949.05    1338.47   21.12  0.11  1.52   0.29
21469 1444.55   1770.56   20.61  0.15  1.16   0.23
21470 1507.70   1292.47   20.61  0.14  0.92   0.22
21471 198.66    165.97    20.85  0.11  1.06   0.10
21474 1001.41   264.08    21.34  0.12  1.05   0.15
21475 2026.56   1346.05   21.00  0.15  1.52   0.15
21476 1657.20   846.73    20.95  0.12  1.52   0.17
21478 1635.40   1078.92   20.58  0.25  0.80   0.15
21479 1914.94   1158.60   21.05  0.28  1.72   0.20
21482 1000.40   466.09    21.42  0.13  1.64   0.25
21483 1033.72   285.55    20.32  0.20  1.46   0.20
21484 1334.58   1521.60   19.73  0.10  0.44   0.21
21488 677.80    944.93    20.54  0.24  1.19   0.16
21490 408.83    897.61    20.78  0.17  0.74   0.23
21492 80.98     1322.93   19.87  0.10  0.88   0.15
21494 586.94    1699.67   20.74  0.20  0.99   0.13
21495 1593.98   1950.18   19.26  0.18  0.41   0.18
21497 1301.51   1212.79   20.79  0.18  1.12   0.10
21498 251.67    325.25    20.39  0.09  1.13   0.14
21499 251.89    1383.49   20.67  0.13  0.79   0.10
21500 1082.03   687.63    18.27  0.07  -0.38  0.06
21501 481.02    1420.82   20.92  0.20  1.28   0.30
21502 401.73    297.02    20.58  0.13  1.14   0.14
21504 815.26    539.93    20.85  0.11  1.29   0.13
21506 1184.74   382.74    20.86  0.24  1.42   0.25
21508 1596.85   2038.69   21.37  0.14  1.08   0.17
21512 432.25    598.93    20.46  0.10  1.12   0.12
21514 1858.64   1999.66   19.92  0.10  0.83   0.18
21516 253.97    1624.67   19.45  0.20  -0.01  0.07
21517 1715.18   436.89    20.48  0.14  0.94   0.17
21518 1884.52   683.98    20.14  0.24  1.02   0.10
21519 1234.66   1453.67   19.31  0.08  0.38   0.07
21520 1818.36   634.68    20.93  0.20  1.25   0.22
21521 526.57    29.82     20.79  0.21  1.03   0.10
21522 698.47    1382.84   20.86  0.15  1.13   0.24
21523 1886.47   1019.24   21.09  0.13  1.28   0.27
21524 668.99    616.33    18.87  0.13  -0.01  0.09
21527 1636.28   386.90    18.80  0.07  -0.08  0.08
21529 1759.64   292.61    20.55  0.31  1.78   0.13
21530 1265.79   1861.25   21.45  0.20  1.83   0.42
21533 462.75    255.00    20.62  0.18  1.37   0.27
21535 116.95    1099.35   20.35  0.14  1.36   0.15
21536 744.49    1749.67   20.72  0.13  0.95   0.19
21537 1465.46   948.86    20.99  0.23  1.24   0.32
21539 527.39    1570.37   20.81  0.20  1.33   0.17
21540 96.15     662.41    20.67  0.13  1.71   0.18
21542 1837.29   701.42    19.75  0.10  0.39   0.25
21543 1084.89   1316.67   18.33  0.05  -0.19  0.06
21544 937.99    867.93    19.32  0.11  0.14   0.14
21545 64.10     1650.19   21.18  0.12  1.43   0.18
21546 755.99    616.00    20.46  0.16  0.91   0.20
21548 1974.35   78.71     20.74  0.14  1.29   0.18
21550 1536.77   1734.50   21.01  0.25  0.79   0.16
21552 1375.16   50.37     20.42  0.12  1.04   0.14
21554 513.43    441.38    20.28  0.11  0.49   0.14
21556 303.30    694.29    20.62  0.31  1.05   0.26
21557 1075.88   1223.92   20.45  0.34  1.73   0.17
21558 604.23    821.06    18.31  0.07  -0.34  0.10
21559 560.67    1212.05   20.37  0.09  0.88   0.12
21560 1008.68   433.88    21.50  0.25  2.12   0.11
21562 505.22    560.80    20.62  0.14  0.92   0.09
21563 1360.30   1733.98   19.10  0.12  0.23   0.08
21566 1731.41   163.06    20.52  0.18  1.74   0.13
21567 1336.77   531.50    20.75  0.16  0.98   0.20
21569 1781.18   1121.13   19.57  0.11  0.59   0.09
21574 1300.33   92.24     20.72  0.38  1.11   0.21
21576 492.10    1660.58   20.50  0.11  0.94   0.22
21577 1829.34   1449.98   20.72  0.12  0.99   0.13
21578 949.73    674.28    18.41  0.06  -0.12  0.07
21579 879.28    1933.82   19.09  0.13  0.19   0.08
21585 1216.77   1941.64   20.85  0.20  0.91   0.17
21586 756.03    886.03    20.72  0.18  0.59   0.17
21590 1755.64   389.39    20.69  0.11  2.32   0.12
21591 1363.53   1279.20   21.29  0.19  1.47   0.41
21592 1384.96   825.66    20.44  0.22  0.37   0.13
21593 1623.09   1529.01   20.58  0.11  0.83   0.25
21596 1924.32   388.04    20.51  0.11  1.04   0.10
21597 1640.30   1986.54   20.39  0.14  0.63   0.13
21599 1165.67   2011.14   20.08  0.12  0.64   0.12
21602 1311.90   182.15    19.77  0.09  1.06   0.18
21604 577.62    1392.93   20.12  0.08  0.54   0.17
21605 1375.13   24.37     19.60  0.12  0.18   0.10
21607 851.52    325.25    20.43  0.18  1.29   0.10
21608 854.28    1681.10   20.44  0.11  0.95   0.19
21609 513.04    623.34    19.95  0.24  0.47   0.08
21610 473.77    767.10    20.98  0.13  1.04   0.20
21611 518.25    1904.57   20.62  0.18  1.05   0.09
21613 1193.18   1864.51   20.87  0.28  1.47   0.31
21615 1967.35   1507.77   20.63  0.20  0.99   0.13
21616 750.69    605.96    20.48  0.36  1.15   0.10
21617 1433.82   620.23    18.54  0.14  0.06   0.12
21619 886.55    1133.41   20.54  0.13  0.96   0.11
21622 1663.27   1077.64   19.69  0.12  0.55   0.08
21624 968.32    2014.51   20.64  0.24  1.03   0.10
21625 1439.65   783.69    20.60  0.15  1.49   0.16
21630 928.27    717.45    21.29  0.30  1.53   0.15
21631 277.92    650.08    20.54  0.16  0.86   0.15
21637 386.42    1044.03   19.95  0.19  0.70   0.10
21638 501.70    1683.38   19.38  0.17  0.04   0.13
21639 1253.68   1818.21   20.70  0.11  0.98   0.13
21640 846.79    1869.58   20.85  0.18  0.86   0.15
21641 948.39    1832.68   18.17  0.08  -0.25  0.16
21643 1405.90   1657.86   20.66  0.29  1.10   0.17
21646 746.12    1530.40   18.52  0.06  -0.27  0.06
21647 134.72    743.10    20.76  0.33  1.46   0.13
21648 694.44    1748.20   20.83  0.28  1.47   0.19
21650 1912.47   1540.12   20.67  0.11  1.54   0.21
21651 894.43    645.31    19.14  0.10  -0.18  0.08
21653 1563.56   189.04    20.08  0.14  0.76   0.10
21659 1321.96   1877.28   20.52  0.20  1.32   0.13
21661 1384.12   624.74    20.52  0.10  1.04   0.30
21662 1143.60   1096.78   18.93  0.12  -0.04  0.10
21663 1168.32   1567.91   18.20  0.07  -0.33  0.05
21667 625.88    1717.53   20.94  0.13  1.08   0.12
21668 727.20    1608.49   21.46  0.15  1.49   0.14
21669 779.85    268.49    20.79  0.26  1.55   0.20
21671 1590.16   1096.07   21.25  0.20  2.08   0.13
21673 1013.87   199.25    19.07  0.11  0.03   0.06
21676 767.86    1535.45   20.23  0.12  0.88   0.18
21677 24.16     1028.74   20.70  0.13  1.15   0.31
21678 1085.75   143.28    19.89  0.13  0.30   0.08
21680 715.75    80.21     20.76  0.20  1.28   0.20
21682 938.83    401.41    20.74  0.21  2.72   0.22
21683 725.70    846.72    20.86  0.28  1.05   0.14
21687 28.63     943.45    19.49  0.11  0.39   0.10
21688 1451.74   171.08    20.82  0.23  1.22   0.18
21692 1976.96   1607.91   20.70  0.26  1.19   0.23
21693 1679.61   1968.27   18.49  0.09  -0.33  0.13
21695 164.73    1775.05   20.32  0.16  0.82   0.26
21696 720.00    1082.26   19.19  0.08  -0.13  0.17
21699 509.44    1946.48   21.03  0.18  1.13   0.13
21703 1103.50   1670.98   20.72  0.23  1.09   0.12
21705 774.98    982.39    20.85  0.36  0.73   0.10
21706 390.91    1270.83   19.85  0.08  0.15   0.20
21707 1230.38   1871.11   19.29  0.11  -0.01  0.06
21711 107.00    717.32    21.15  0.18  1.15   0.21
21713 1655.09   62.30     21.29  0.21  1.87   0.27
21714 393.10    706.71    20.97  0.31  1.11   0.16
21715 1097.06   1974.05   21.61  0.18  2.08   0.42
21716 734.84    453.79    20.62  0.13  0.99   0.13
21717 1452.66   1989.90   21.00  0.29  2.28   0.15
21718 1094.57   510.36    20.98  0.16  1.84   0.15
21723 639.62    733.44    21.03  0.19  1.77   0.15
21726 514.59    5.65      20.35  0.19  0.94   0.15
21727 1739.97   739.25    21.37  0.15  2.06   0.23
21729 441.31    1710.46   21.13  0.14  1.48   0.13
21730 921.46    759.89    20.54  0.26  0.45   0.10
21731 1745.62   203.71    20.62  0.18  0.70   0.13
21732 1704.43   77.62     20.96  0.22  1.03   0.22
21734 1520.75   760.84    19.01  0.10  -0.54  0.19
21736 1590.85   700.68    21.22  0.13  1.55   0.20
21737 1656.20   441.73    20.95  0.19  0.99   0.14
21738 448.91    534.25    21.25  0.12  1.37   0.12
21741 1211.72   251.76    18.34  0.08  -0.25  0.05
21742 830.86    361.65    20.17  0.10  0.56   0.11
21743 591.62    966.19    20.76  0.18  1.48   0.21
21744 1890.73   1044.25   21.19  0.17  1.38   0.25
21746 622.72    1252.13   21.01  0.16  1.28   0.11
21750 119.02    1852.71   20.30  0.13  0.62   0.21
21752 1116.03   127.10    21.31  0.11  0.20   0.38
21753 462.32    1183.83   21.26  0.23  1.50   0.25
21756 1962.88   329.61    20.86  0.17  0.77   0.13
21763 1691.21   1867.23   21.32  0.12  0.76   0.21
21764 520.06    428.61    21.01  0.22  0.50   0.14
21765 925.09    1915.76   19.17  0.15  -0.33  0.11
21778 1897.96   1114.85   20.84  0.13  0.37   0.16
21792 1661.94   1181.16   20.64  0.13  1.11   0.23
21795 1147.26   459.37    18.75  0.11  -0.28  0.05
21800 1715.60   1469.81   21.08  0.24  0.92   0.12
21808 950.79    1548.48   21.08  0.30  1.26   0.21
21812 1541.34   900.64    20.16  0.22  0.31   0.19
21823 1643.55   1671.13   21.15  0.21  0.33   0.37
21826 1423.90   1381.26   20.31  0.14  0.65   0.10
21832 1143.12   291.70    20.70  0.40  0.52   0.13
21833 491.39    477.10    20.52  0.20  0.79   0.12
21848 159.01    1632.67   21.24  0.14  0.79   0.21
21852 2034.92   1862.18   20.31  0.27  0.63   0.13
21854 864.28    606.47    21.57  0.38  1.46   0.24
21863 265.23    995.64    19.06  0.10  -0.32  0.08
21871 1846.45   1031.08   21.16  0.18  1.09   0.15
21875 1849.65   941.88    21.01  0.12  0.71   0.19
21876 135.63    437.30    20.91  0.20  0.78   0.10
21877 223.04    1458.60   19.90  0.15  0.33   0.13
21883 1211.88   1089.15   20.76  0.26  0.65   0.20
21886 475.19    647.97    21.25  0.14  1.74   0.23
21887 847.64    787.93    20.45  0.22  0.41   0.12
21889 1370.11   140.84    20.04  0.08  -0.09  0.11
21891 124.10    1963.90   18.49  0.08  -0.49  0.06
21895 523.52    1160.60   19.06  0.13  -0.19  0.08
21902 1934.34   1857.43   19.45  0.07  -0.13  0.11
21905 1205.06   1541.50   20.14  0.15  0.18   0.10
21906 1497.51   1946.80   21.59  0.40  1.19   0.15
21913 2029.02   171.15    21.06  0.30  0.95   0.12
21919 1065.74   843.93    20.40  0.18  0.67   0.15
21921 1508.16   1707.94   21.44  0.21  1.55   0.17
21923 1176.73   1633.09   20.75  0.13  0.82   0.15
21926 1544.01   1197.43   20.69  0.15  0.57   0.18
21933 1710.02   151.24    21.30  0.19  1.57   0.22
21936 1099.81   282.64    20.53  0.13  0.56   0.15
21940 791.75    274.09    21.16  0.19  1.32   0.20
21942 950.07    1996.88   19.78  0.16  0.12   0.18
21952 1449.45   21.24     19.67  0.07  -0.14  0.26
21955 297.51    1406.31   20.56  0.21  0.37   0.29
21956 707.33    1857.04   21.61  0.42  1.48   0.20
21957 300.58    1326.17   20.51  0.23  0.14   0.13
21960 1288.88   1343.76   20.19  0.19  0.09   0.22
21970 386.77    108.51    20.88  0.17  0.87   0.32
21984 1370.25   1730.37   18.81  0.09  -0.42  0.09
21999 1308.24   500.27    19.54  0.08  0.00   0.11
22005 378.58    671.46    20.99  0.26  1.08   0.28
22006 1053.58   1830.89   21.87  0.33  2.75   0.20
22008 579.70    1649.92   20.64  0.20  0.74   0.11
22013 293.00    1853.00   19.91  0.17  0.47   0.17
22017 210.40    517.02    21.43  0.33  0.76   0.11
22020 1836.03   351.26    21.38  0.20  0.88   0.19
22022 1253.82   162.61    21.01  0.44  1.01   0.37
22026 1582.67   799.66    20.99  0.15  0.90   0.30
22027 628.53    217.43    19.51  0.08  0.13   0.07
22041 1994.95   1494.77   19.45  0.09  -0.04  0.12
22049 1663.19   321.02    21.17  0.12  1.09   0.13
22050 77.60     145.69    20.38  0.10  0.48   0.13
22053 1749.90   1546.83   20.99  0.32  0.95   0.25
22056 531.13    1290.03   20.81  0.15  0.86   0.13
22059 211.43    1354.93   20.86  0.18  0.78   0.27
22065 314.31    1162.01   21.68  0.21  1.17   0.14
22070 370.87    1390.78   20.63  0.22  0.80   0.10
22073 2034.37   375.98    21.92  0.14  1.54   0.36
22076 1409.73   1574.40   19.16  0.07  -0.04  0.09
22078 862.64    1523.63   19.65  0.12  -0.04  0.10
22084 974.37    1113.68   20.84  0.16  0.46   0.20
22088 506.55    2014.07   21.08  0.15  0.69   0.11
22103 240.85    1159.30   19.34  0.12  0.10   0.09
22108 690.32    1007.31   21.02  0.15  1.07   0.31
22110 2013.47   1246.04   21.09  0.16  1.02   0.20
22113 951.99    427.07    20.51  0.12  0.38   0.19
22114 1128.39   946.30    20.38  0.10  0.31   0.12
22123 1389.92   628.65    19.25  0.12  -0.15  0.08
22124 1056.34   910.11    19.41  0.09  0.00   0.07
22126 983.15    1801.75   20.74  0.11  0.68   0.10
22131 1346.11   867.88    20.76  0.22  0.56   0.15
22132 1260.04   1524.07   19.75  0.10  0.12   0.07
22133 123.70    341.73    20.26  0.11  0.13   0.11
22135 1399.85   1156.53   19.80  0.11  0.14   0.09
22137 1297.59   907.18    20.54  0.11  0.50   0.11
22138 1726.82   1611.15   20.91  0.31  -0.05  0.20
22140 540.55    489.52    20.63  0.26  0.27   0.12
22142 1227.95   75.96     20.23  0.15  -0.01  0.12
22146 1454.97   461.54    21.21  0.11  0.00   0.33
22147 1168.20   872.89    20.07  0.09  0.18   0.11
22157 14.07     278.94    20.43  0.15  0.13   0.22
22159 130.92    1814.29   21.05  0.25  0.62   0.29
22161 593.49    1092.51   20.70  0.13  0.28   0.37
22162 908.88    1935.25   20.50  0.11  -0.13  0.18
22165 905.88    1335.03   20.98  0.33  0.50   0.29
22169 1033.17   654.24    21.05  0.21  0.35   0.16
22171 1989.77   1781.87   20.02  0.10  -0.15  0.23
22174 584.19    1854.47   20.36  0.11  0.25   0.09
22176 415.98    608.53    20.71  0.20  0.56   0.14
22179 1542.05   917.21    20.73  0.16  0.48   0.14
22181 1507.62   1072.48   20.93  0.25  0.58   0.24
22187 1742.57   971.83    21.18  0.19  0.56   0.13
22190 352.21    1897.75   20.45  0.14  0.34   0.12
22194 358.72    253.56    20.70  0.29  0.57   0.13
22196 1264.14   35.01     19.58  0.09  -0.27  0.08
22197 1923.41   2047.43   20.97  0.14  0.61   0.23
22201 1044.69   1692.01   20.96  0.17  0.36   0.12
22203 1610.56   1056.22   20.94  0.13  0.47   0.10
22206 1750.87   1816.73   20.90  0.16  0.10   0.19
22208 1228.96   1997.89   20.25  0.15  0.33   0.18
22214 1439.55   665.28    20.66  0.28  0.84   0.18
22216 1106.48   13.35     20.88  0.14  0.35   0.17
22218 1683.68   808.68    21.00  0.27  0.39   0.23
22219 533.81    409.64    20.66  0.17  0.56   0.22
22225 899.99    2008.05   20.82  0.14  0.35   0.16
22228 1948.14   185.13    19.98  0.14  -0.07  0.13
22234 1335.51   119.25    20.06  0.21  0.20   0.15
22238 708.08    982.01    21.72  0.16  0.89   0.21
22239 1388.00   883.97    21.01  0.18  0.48   0.18
22245 604.03    1265.69   21.01  0.12  -0.15  0.18
22259 801.00    1043.04   21.22  0.16  0.16   0.23
22268 694.58    1431.73   21.46  0.21  -0.05  0.29
22271 644.31    1213.85   20.80  0.11  0.10   0.18
22278 883.78    526.58    21.58  0.19  0.55   0.22
